52.104389
52.315109
52.619488
64.677498
69.980682
85.679504
98.100426
166.479874
173.363480
182.810867
227.261612
230.879013
299.363831
335.783691
386.520966
416.900146
68.669853
84.113258
108.539917
137.903107
147.739594
152.822388
166.047394
208.489334
209.525391
272.310699
294.323944
313.070557
341.056396
343.725769
359.681122
367.847717
59.289188
63.177467
85.315323
106.872169
120.548172
183.505493
200.414276
220.094025
238.701141
251.408813
320.921082
380.779694
412.675476
436.317993
453.554535
538.798645
77.593544
176.003326
229.594086
260.636841
263.813141
322.703857
407.355865
505.322418
505.580963
543.290222
551.914246
587.370605
596.917908
620.149231
636.640076
643.140442
49.439766
55.755535
90.565353
95.127167
111.251228
112.612846
121.998039
148.822754
153.061462
177.147552
197.625732
202.349091
218.526993
225.081253
254.529190
269.499329
35.491566
48.670506
86.785995
89.862190
91.930786
92.057571
109.740700
125.301857
134.623871
137.199600
164.171387
177.984238
215.339020
217.921432
224.300705
229.251984
58.963432
72.114182
84.799858
127.527428
129.466888
134.711365
188.521591
207.688629
244.251480
255.185699
265.011658
279.320160
289.848663
300.040741
313.993011
316.466827
123.158249
150.752136
213.430679
214.946259
253.393051
268.618469
295.898773
373.210449
382.112274
392.407715
407.615723
508.253265
530.830078
579.049744
583.126099
590.529724
18.977489
24.465584
38.577110
44.711456
47.069267
52.330166
53.370228
64.558472
75.665932
81.451904
83.400764
95.149429
110.841240
125.649506
146.324524
182.645920
130.174332
149.355423
171.472397
189.696609
232.951920
284.340729
303.260834
444.074432
492.070648
535.391174
536.304565
576.341309
658.263306
692.645691
698.386963
760.584167
11.997954
12.594767
12.823397
16.042030
27.013294
29.326317
33.699974
44.205070
45.324467
52.676254
56.135395
59.368874
62.771599
64.149315
82.721779
89.660843
106.151138
141.865997
236.744110
289.569305
298.654663
415.703949
559.310425
610.424622
618.232727
668.720276
686.698242
705.736511
755.814392
760.682434
783.528381
852.042114
209.035080
211.830292
237.123108
253.661469
264.318237
295.744995
387.443573
399.944397
420.267944
452.956421
513.985291
519.672791
575.402405
630.879639
675.816589
695.654846
107.983849
114.588203
194.482269
250.236267
253.590210
278.475586
344.291412
448.118469
462.569397
525.300415
549.626770
603.952271
631.736084
638.961548
640.659241
689.084290
51.481186
99.813713
104.147102
111.141502
122.173630
149.541428
160.120804
174.469955
187.285324
216.741287
227.653290
232.300827
247.860367
250.789337
288.764221
323.874847
96.550934
146.572388
166.218979
264.912659
271.938690
276.842102
316.958008
360.578705
406.535919
442.834381
457.955994
461.822784
471.004364
576.362061
578.204956
580.541504
99.355087
121.522476
152.428253
152.999695
166.547760
194.786774
236.764328
290.861328
295.766235
410.269989
436.580353
489.129700
512.630432
533.440674
704.136719
750.019165
114.628967
176.130035
195.240250
211.077438
231.533798
232.352051
270.440491
351.315704
430.871185
472.575775
553.794128
566.252747
629.812622
767.385010
781.084167
866.736938
121.442543
254.091644
384.555176
428.589417
497.981232
549.168213
627.799011
639.844482
666.493530
672.404480
704.815491
717.258301
775.498718
789.158569
837.042358
874.271545
44.792912
65.706940
78.493095
110.656631
122.766273
125.240395
130.236954
190.872162
199.860168
233.309082
241.175995
244.635895
292.040375
323.392090
341.542053
342.962738
109.165329
173.086029
218.394653
244.217194
263.286133
264.617004
327.087677
368.344147
451.035858
487.485352
522.206726
533.151489
551.386169
643.989807
689.934021
714.028442
33.661339
53.985752
77.294395
87.897453
117.988434
119.427795
127.657036
139.126724
164.228928
165.577850
174.236649
179.459045
216.633804
231.283661
232.225647
259.257050
72.391014
76.240013
93.013367
95.051071
294.255829
296.614258
300.331207
303.331146
318.764893
369.877380
435.744385
550.497498
579.610291
617.194641
618.798401
658.326172
100.937881
138.549698
200.886292
254.075531
328.949402
438.879211
621.396057
666.863831
673.347656
721.075378
738.832031
824.252319
824.817261
832.323486
870.688599
878.706055
28.227400
47.020977
78.018837
87.486137
88.107887
133.700897
141.322174
145.956467
146.501297
152.372696
160.167023
166.307632
194.972321
200.561676
221.451263
222.912704
74.813301
86.272430
116.910934
136.422089
170.684631
171.986237
212.029388
256.526031
272.949097
308.015564
377.229736
382.104340
393.333771
406.094513
409.578186
451.114349
18.632280
20.361225
25.351200
27.272726
34.736290
59.857346
69.452133
87.511902
89.142418
94.449081
106.021027
118.928200
125.766945
129.819702
135.447327
142.007904
56.235531
90.598274
91.550758
109.363052
124.562111
126.589195
169.011429
195.070450
195.908966
217.938248
226.673431
230.800873
233.414093
241.660828
247.766495
296.017609
32.122967
41.308224
48.986275
68.366852
73.930084
82.649765
119.098816
130.296310
154.821884
193.496231
224.926529
233.740906
258.519012
260.041992
261.099396
282.721039
87.172119
107.844597
138.368790
146.533707
157.533905
206.971970
254.615570
309.526825
420.210693
435.948334
481.151428
500.962555
506.040955
577.963928
578.197205
594.383484
17.468557
22.436762
24.938236
45.180595
47.685226
51.933311
59.592495
62.804615
63.985867
70.141640
70.719635
78.972603
81.091904
98.040024
100.288826
106.270889
246.011917
268.058044
399.935944
485.540894
550.908081
602.340210
626.460632
674.648315
747.834045
767.273987
771.263062
771.369385
790.516846
831.391296
878.488647
915.693115
47.587925
77.744347
126.434410
139.748672
140.328598
185.200775
229.142654
312.556091
323.756012
344.633545
371.660767
395.220459
397.008606
426.971710
432.046112
438.715302
112.115936
139.388092
167.161392
264.038208
312.331543
379.430542
385.391388
432.286835
435.821136
467.972748
555.037903
599.585938
659.880127
666.183838
753.908386
952.251343
84.107651
89.253616
94.277237
94.743660
100.340759
113.782959
116.099792
133.151047
155.776459
166.305420
181.513931
202.885345
220.227173
222.956894
232.805344
238.616531
148.664536
151.723267
198.248199
232.726013
415.606018
528.537659
546.433899
578.979919
583.085022
621.372864
664.114624
696.660583
743.266052
764.918640
819.412354
955.847961
78.860107
110.993828
135.488052
135.514648
154.550201
159.270859
173.000671
176.245285
194.928452
206.377716
209.276596
212.321747
223.385376
226.969086
241.676270
241.789291
132.953400
140.905792
210.128891
270.074188
340.459900
353.737152
384.477142
389.429962
440.609009
459.862183
538.270081
627.769470
685.087219
686.017273
722.547180
734.196777
126.575974
144.189987
171.437805
183.899429
190.058334
195.881744
271.657990
584.732239
670.621521
742.275818
750.807251
774.412476
831.472290
843.790100
862.937866
867.682861
109.748779
120.353920
193.834183
203.834763
250.814774
366.816345
370.821625
425.031250
433.444855
464.328217
609.046814
642.726318
661.039673
718.322571
779.812256
819.864868
100.145538
100.756996
139.686584
155.251007
239.002441
277.969086
347.545776
352.381866
405.041504
438.097351
512.602783
523.775818
569.116455
573.322571
649.217651
674.268982
150.356476
179.334702
228.597687
250.406311
310.111450
317.830658
409.411835
527.972778
626.074036
632.044556
725.799133
755.326965
761.247498
784.629944
793.423340
840.213135
9.370665
10.622108
12.534336
21.277288
26.432669
26.611893
26.710075
31.137655
32.418709
36.263428
37.020836
37.147072
41.702446
49.307724
49.779938
51.383591
64.661469
87.726608
106.520927
141.399246
210.772614
215.371948
218.082275
261.625427
263.760834
279.283600
287.236633
315.270691
399.455017
431.527191
449.075867
496.766632
125.198410
154.534042
194.491531
212.027237
213.784683
252.853790
289.779236
310.404938
341.652496
359.709656
424.058777
551.308594
568.207031
607.527161
640.551514
692.772400
59.052719
91.498131
195.920486
229.195114
262.349152
305.438812
319.234131
333.511932
358.599823
394.633545
395.417542
408.247925
447.583466
478.702118
532.375732
538.647705
54.365032
66.488174
66.597336
70.226776
73.849388
76.237183
82.513657
101.929787
109.516136
147.113586
163.800812
170.486633
177.813721
181.518219
207.579224
212.573120
71.372231
88.536102
275.810547
290.943085
314.387329
323.481781
327.451263
345.397858
369.326660
440.684387
466.253143
522.422424
565.266907
569.460022
579.132202
613.217651
45.738770
64.310036
83.993202
88.474754
92.073570
123.410461
128.503128
159.245880
159.475052
175.686707
199.562836
240.049561
240.363602
247.985626
286.647491
299.268799
33.835392
57.790714
57.934032
91.857010
99.051483
138.098022
146.152390
146.661163
160.856644
183.550797
192.572556
215.574829
228.115005
228.587952
231.332458
246.244522
37.071800
42.434551
56.327812
63.528034
80.223228
108.633331
122.917374
165.129288
186.821396
202.061584
209.918640
222.498230
230.812576
274.803772
285.554199
291.515594
94.388557
117.612648
128.346176
153.222916
198.018433
236.847015
243.735962
273.709808
278.806946
308.711212
355.820435
435.947876
459.519897
491.407349
566.663818
624.158630
8.922899
12.479402
13.162933
14.887783
16.356308
18.955154
21.395576
24.610312
26.376102
33.134880
36.406578
37.289471
50.208939
50.289040
53.694237
64.506142
212.337738
213.251846
229.490845
270.491638
273.475952
310.416992
316.062988
517.007141
568.896667
597.825745
610.435120
701.981140
705.503174
753.413574
804.120117
913.921570
61.717377
143.757034
148.128662
162.986771
187.759369
213.975571
243.187897
244.999191
270.302917
273.271820
340.003937
389.739807
421.063049
432.216827
439.897858
440.946503
8.756063
10.903646
14.398571
17.660772
26.195303
26.615837
29.808632
32.734680
36.005047
36.982208
40.090626
42.099388
43.359631
44.455196
46.771538
48.016811
135.385330
152.138840
284.559631
308.479706
310.692078
324.514648
362.219513
395.215973
478.056976
500.407593
507.763245
512.868713
541.988831
568.121277
635.286560
687.589294
96.530800
116.483307
170.142563
170.985855
187.354340
193.805588
201.150742
231.551743
245.356583
247.178116
252.296951
257.508545
267.931763
275.858795
295.566742
297.430420
72.382195
80.603561
84.494881
94.871727
95.704674
96.092529
123.026558
144.110886
151.283127
157.043808
161.132233
200.554092
201.952927
207.497421
210.155212
225.841293
104.207512
158.141220
215.925568
277.045532
285.335480
303.019073
427.221100
535.333740
560.939392
605.700195
708.294434
719.061523
752.343933
754.894714
773.804626
812.139465
64.628777
131.977280
135.252365
173.233871
211.851791
229.934525
266.224182
308.086121
324.570129
325.128906
380.541260
447.330994
515.207275
541.749329
548.190796
555.454956
170.866196
178.434402
210.961609
289.772186
294.648987
314.179108
372.148376
393.081726
447.738434
512.056702
552.152161
580.860718
625.280823
648.606567
662.500793
785.317383
74.367867
115.063087
133.203568
157.489685
170.841583
215.670273
282.117828
285.003448
289.620453
364.475342
366.128723
398.416595
412.080475
424.028564
443.448090
490.179718
41.055489
41.310108
46.338856
48.785030
50.158161
67.181343
86.477913
137.374680
178.941422
184.443039
237.276733
249.371185
256.282318
302.941467
318.618805
322.165283
77.010582
78.639183
140.677094
150.314377
191.079758
197.812424
227.630905
256.525970
266.398315
302.882324
365.776489
396.400879
410.252380
426.773438
495.711914
567.739685
92.285133
152.328598
172.756744
182.168961
187.552826
199.485153
219.225983
248.188126
354.567200
358.652832
379.424622
445.367432
456.230621
491.206635
495.445007
600.258545
41.164558
149.987167
178.100662
180.587051
182.517258
200.096375
214.393051
226.268768
241.034348
245.799911
251.743225
277.730225
349.420746
359.268097
385.953033
388.722961
88.165382
94.146843
168.165298
274.526031
306.550690
326.665375
357.296112
364.777374
405.571320
405.888916
428.950226
461.380707
506.674011
584.785950
611.005615
614.340393
79.650558
83.884277
87.448639
119.896042
160.225204
178.682907
216.100342
228.985580
355.813263
379.943817
423.619812
501.048431
543.904419
554.647766
562.010742
591.178284
32.703152
54.358391
62.015491
117.990952
172.479431
188.494400
191.647827
208.090088
214.747314
216.524857
222.353134
245.256073
250.904892
259.057648
300.787140
302.453613
48.642464
52.366501
53.914150
66.430779
109.939125
118.509247
163.323425
166.931381
174.611603
196.743011
216.523941
226.757782
236.266159
246.306549
303.772766
308.686584
9.243412
12.119102
14.421946
21.811668
23.054745
27.374008
29.655848
31.126154
34.622429
35.525616
46.346691
49.182281
52.197365
59.504978
64.838181
67.261322
58.875465
61.582481
96.392410
104.513458
143.946289
175.115097
202.004135
208.409470
208.847931
209.248260
247.623077
255.582077
269.822510
276.313629
299.532959
329.815308
70.353218
84.770981
93.891258
93.977165
110.256210
169.860138
184.120407
184.664474
207.844574
228.175476
316.199738
325.835419
383.463531
384.709167
392.913116
423.566986
68.313843
90.329765
138.065918
149.439270
173.034363
189.993591
201.064545
217.880981
222.181686
233.059448
236.083374
262.391602
273.647369
282.660370
284.911530
285.264313
42.401543
53.868237
77.330704
92.356689
98.994293
138.839127
166.236069
180.021103
189.987122
222.867294
253.919708
267.916382
271.013947
276.381744
285.520447
298.689850
60.655102
118.835609
180.469528
199.575256
221.143127
274.575195
283.848236
339.806427
372.869690
403.390900
503.460083
504.387390
530.463867
543.110413
553.039001
576.525452
28.557325
54.805904
96.220634
102.879608
130.514343
133.884598
138.056641
147.712158
148.581894
165.949585
181.373932
203.919312
212.018799
219.058273
226.981094
232.539307
93.001854
93.206848
115.551476
161.675690
188.325241
243.059326
251.432648
281.866760
307.160156
362.099243
370.598724
387.171906
404.281219
526.301453
541.613159
565.613525
99.578827
148.229095
236.147736
269.221771
297.548370
321.443970
365.211121
405.157684
441.170654
484.304810
556.127258
603.601990
628.967041
699.410461
708.973206
724.775513
62.172279
78.074997
131.767258
135.271698
138.785309
159.446030
182.202103
185.578461
205.433975
211.271683
218.170792
233.661758
273.592407
302.533875
306.550720
319.214325
56.041805
64.348618
77.067970
100.433662
133.009415
173.403336
178.985641
229.478058
326.050354
408.422577
411.561676
412.079926
429.300659
453.762085
463.801331
529.189758
103.903404
133.911713
170.635056
199.387436
201.195969
279.616119
397.204498
398.611145
427.614716
485.739075
486.057251
490.762787
491.315399
538.270386
564.410400
594.251282
155.021057
193.124359
290.646149
339.393585
370.113342
436.457275
470.087341
545.539429
574.777100
654.486816
684.640686
692.401489
695.015320
716.546143
897.711914
959.528748
52.428726
65.047050
66.548271
87.149414
103.196198
163.082535
176.907928
177.283234
180.752258
183.582245
204.254395
280.441101
292.673981
318.133789
338.471222
340.733185
51.915501
59.661072
102.057220
143.827072
185.839767
192.435013
195.425873
197.010773
236.339371
295.274750
348.790771
383.671417
383.990936
406.064545
423.255615
444.012726
43.777477
56.798218
60.806076
100.817528
120.118523
125.449547
126.983658
137.425186
211.014420
232.194702
235.617676
243.182755
247.085129
286.473358
333.838928
342.487488
30.938896
38.206013
49.295834
62.954033
63.740475
68.663200
74.810387
85.362640
102.803726
115.078186
115.625702
127.233185
129.871246
136.979080
162.075531
177.824265
92.507095
104.897438
110.971397
126.553604
208.504959
274.752899
285.527100
305.257385
322.267181
331.654205
368.730957
396.191742
407.383453
446.439972
476.405762
484.163208
136.822845
215.883881
218.350830
242.039429
245.502060
248.533722
266.129272
274.481201
288.465485
311.411041
340.880585
367.823761
425.811768
466.085358
505.036285
523.360046
149.437210
265.251648
316.172791
362.843872
369.484619
399.421051
432.624725
515.793335
552.317322
631.528015
827.828186
841.986206
881.724365
890.091736
904.727905
911.023315
79.682732
104.492477
107.738892
120.203331
137.284225
142.198532
173.143692
212.041092
224.445969
267.066315
312.873505
340.274414
402.000946
439.468719
501.865387
507.271118
53.494148
67.930252
158.537674
182.212875
237.365219
275.386719
283.855896
301.743835
322.685822
359.834717
391.837982
393.403473
405.324493
446.541199
454.805054
458.128571
17.729887
27.497707
29.302429
32.083931
62.085098
69.731903
71.206383
100.486588
108.500854
113.012657
122.147896
128.566742
130.450546
132.850632
148.158203
148.744278
53.530422
79.567749
89.204727
93.419342
109.561478
126.220039
167.783142
170.381866
182.067856
193.787140
210.837173
231.685364
239.756439
244.953903
269.783478
282.510620
100.158447
173.142578
203.713684
250.382416
266.130554
290.451721
315.677521
478.277954
533.437500
547.911011
549.761292
597.519653
676.301392
696.017395
697.744324
722.497253
25.253471
27.219334
28.417820
45.179382
70.765762
73.494690
83.423157
83.746490
86.341774
88.962921
102.986938
132.125671
138.299164
138.661301
147.473190
155.750504
180.956451
199.777359
216.876968
240.544647
240.952332
251.982147
257.712219
282.852051
317.390991
333.947052
344.184174
379.493195
483.766846
663.935669
691.295044
717.136963
95.230759
140.876602
145.012390
151.139999
162.911102
166.175461
204.448807
239.181152
298.617584
300.637054
312.587982
392.648010
417.033966
424.572449
424.627777
456.469208
77.262611
92.062164
130.946915
170.532120
196.772598
237.633011
260.263397
306.529968
334.728149
335.536377
451.687714
454.938599
524.859314
562.828064
563.708130
632.712830
185.561752
198.144592
255.072769
272.745758
369.519562
372.207153
527.314026
571.333557
572.718079
597.313660
612.400879
649.905029
674.744934
690.280090
693.883911
701.437683
76.551971
92.185867
159.475677
194.587875
196.138443
227.444672
239.810822
240.208084
243.296417
301.103394
334.716248
369.251770
414.871979
440.014374
442.333832
445.217133
90.925858
92.063095
104.080978
128.782700
175.112503
177.233307
178.934036
185.091537
193.113708
213.092285
277.976532
293.918427
315.792389
317.359955
331.724030
336.559875
50.517193
110.217003
122.016296
143.419952
149.507553
151.981415
153.084946
178.175110
189.258926
200.864197
207.679398
336.816772
360.160706
363.689575
397.256317
440.500183
93.353844
121.221031
153.786850
157.443253
158.280457
161.253418
213.843979
243.453918
248.887253
276.788605
290.218170
315.163666
435.756317
453.354828
495.693817
563.012451
107.143745
213.779984
375.472260
387.860413
403.947205
462.456757
475.958984
477.897400
506.862549
536.496094
543.336304
556.682556
562.475586
659.909851
712.203064
754.514404
114.714302
136.089737
200.120407
268.550476
332.748535
478.503174
482.806946
490.434204
497.654968
573.138489
574.453552
586.695374
652.017212
698.760986
802.721191
868.592896
45.421848
151.893951
189.629349
199.155579
199.627777
204.483292
222.519485
231.676178
262.410614
296.778961
346.545319
348.506012
349.553070
351.103149
355.229797
357.601105
112.031097
140.029175
140.312653
150.735611
277.730011
356.992523
416.368500
503.807983
532.503845
542.163635
547.484131
579.516235
661.722412
672.995789
701.299133
734.203430
8.967150
11.782666
20.516560
23.462881
24.196245
25.094723
39.849922
50.595203
50.839657
50.876110
54.701614
58.762993
68.569054
71.060776
73.788376
75.467392
73.171669
79.418411
81.172859
88.944969
104.416542
108.411552
109.177032
112.574181
137.460571
142.751862
169.247421
180.478149
186.205261
190.636093
197.201309
200.615234
145.106934
154.168884
272.615692
277.647888
300.803955
302.868958
306.417572
314.336731
331.819061
460.410461
466.204498
556.402893
560.412598
684.412903
689.465149
698.647339
97.259544
130.284805
155.534210
170.752502
173.400009
213.200943
228.938919
256.002380
274.113312
274.780090
296.617157
318.787628
320.876221
324.700378
332.025177
335.212006
88.947304
112.260139
126.848930
239.948547
347.913910
396.626678
403.159271
411.382446
473.953522
504.216370
542.013611
569.166748
600.848816
632.196960
671.726501
724.529968
2.997489
3.070404
3.308470
3.893038
4.557377
6.114772
7.890290
8.175719
11.713044
12.766889
13.348341
13.383863
14.018911
17.399813
18.262955
20.659187
12.377206
14.388425
15.700563
16.177925
16.302717
16.881851
20.441465
24.328207
25.199331
29.636127
32.154995
32.472431
32.579048
33.762760
36.977074
41.010418
126.002472
167.779083
180.747833
233.849274
256.368469
274.164612
419.404205
499.069427
552.353516
625.964905
687.938293
702.133484
821.566040
875.502502
884.400574
909.450867
8.668658
14.494380
18.601074
21.444525
29.785162
33.294941
34.305996
35.719624
37.311401
41.040974
46.889832
48.537136
51.433800
58.478806
73.147224
84.213318
21.860861
25.704956
25.768496
40.019329
47.412518
55.368477
58.568108
79.862671
79.930748
105.609482
117.790764
125.429031
139.725250
145.135117
148.053360
158.473724
23.790510
41.537498
46.668007
50.876270
79.972694
89.004051
108.466743
110.980072
112.197266
114.033447
122.508133
124.896835
139.083618
141.405853
144.882965
146.411728
102.772018
113.167534
137.451782
163.735184
189.808136
200.140518
228.065308
296.204315
325.097107
349.297211
388.964294
581.007751
626.672241
643.843750
686.246521
703.333862
88.354607
98.311470
107.885384
170.707626
184.302582
383.039520
386.625397
417.418549
434.982330
449.847992
449.900208
454.878662
494.218719
558.590210
596.972839
602.839050
56.394821
73.636520
97.874100
102.807755
135.503036
163.982513
190.791336
210.330185
230.639114
248.350677
286.201508
309.616791
411.487701
413.967590
419.410278
428.233429
39.790546
59.048306
64.449448
73.310432
77.417374
78.331947
110.592148
170.996964
187.355713
200.573853
214.551254
236.699402
239.822754
243.843414
248.718246
268.510925
122.948555
166.874695
247.373291
311.350555
347.065063
406.360474
446.658783
465.851959
470.680908
653.469543
686.561279
691.708862
780.124939
782.012390
847.803528
848.293823
114.165176
127.333160
145.322205
199.721100
215.623413
228.839371
296.406250
352.388153
376.997192
391.364441
481.357666
483.252502
530.287903
602.340027
684.298096
853.443176
2.587882
3.070315
6.332016
6.873826
7.674264
9.915721
9.944267
9.961394
14.193671
15.383481
18.140484
18.259237
18.753088
18.797050
19.962881
20.707939
95.389885
141.523285
153.900543
233.677582
317.955444
408.714478
429.598297
449.154358
508.790222
529.381470
556.836487
594.710876
598.244019
656.597168
699.174927
708.289062
105.773148
124.040062
152.609955
161.167923
214.390701
265.627167
284.915070
384.176422
394.980621
397.263977
495.003082
513.826904
540.466125
569.871399
609.839539
621.980347
8.332397
20.991980
21.437113
24.323801
24.869089
27.844803
28.779583
28.835224
28.946508
34.292557
47.063423
49.073200
69.831978
70.642120
75.233665
76.756020
40.126545
48.634228
52.853645
56.935368
105.011162
156.234299
192.291138
228.564362
239.599762
256.054504
261.778748
271.004425
299.615814
320.919464
325.296234
344.396729
52.541813
86.610153
99.474838
100.389694
105.077332
120.451805
124.135521
131.689178
148.318542
186.459213
198.449524
220.422302
247.212250
252.620438
267.468658
283.984680
140.853729
183.758133
228.039398
238.611832
325.895844
534.541565
559.079407
567.119385
584.305725
596.279602
617.965393
620.153625
747.071960
753.538391
761.357056
778.125427
33.367989
67.352470
76.430290
80.552505
83.516914
90.788124
97.114067
122.250061
133.939911
139.807220
141.535522
142.150787
143.683334
159.517776
190.101578
191.505478
49.839123
67.470299
84.687469
88.258209
95.042610
97.019455
105.185585
106.800179
112.078659
126.915344
137.994980
159.171021
175.099625
176.538269
179.777802
186.075760
21.467524
24.439690
67.399948
74.535408
78.693039
82.079262
90.292419
97.144279
101.364304
101.908821
124.279465
137.784668
140.223648
146.536667
154.653397
192.735672
42.935333
65.775246
79.797035
100.185318
105.011063
108.877464
156.863571
158.132996
163.472321
177.222778
192.019791
216.933411
220.354080
250.510132
284.571350
288.234253
110.476257
114.441307
126.364983
181.661743
202.342758
205.437790
211.556519
223.637085
249.338593
259.593536
293.039734
368.689453
422.945038
476.758484
502.559814
515.966858
123.978706
127.123055
146.730484
157.569534
260.847260
341.168671
433.556213
473.180115
548.925598
696.530945
731.246582
748.144226
752.029968
762.792297
783.166626
814.712341
84.461227
122.754517
185.119110
244.171738
364.311798
393.491760
409.467133
432.477753
489.344025
504.929779
606.669983
650.375000
676.091492
685.053284
715.099121
775.169128
186.152176
212.776428
250.841553
263.542847
264.977814
302.635712
306.649719
363.175354
371.959595
436.726562
460.209412
482.974792
504.809418
505.177826
545.666870
655.906433
39.957500
53.029392
68.803246
79.007919
79.173172
106.490288
106.680336
143.879868
180.178741
185.880142
222.806992
225.368484
228.574493
266.674683
276.028259
291.570770
76.309204
103.890770
129.904999
197.624863
238.591873
272.713013
333.172699
343.981934
349.728821
464.703064
512.353821
513.074402
540.601929
555.987061
571.948730
577.587524
150.408905
256.202850
305.743774
353.158752
376.925964
409.770111
493.946655
526.193604
542.842590
547.381104
557.198486
680.119202
718.982727
723.736206
813.287231
815.317627
36.311386
54.737614
55.310505
80.016518
95.291832
98.233421
101.114410
109.256104
117.882553
139.635971
141.508881
141.784317
148.956497
182.636002
184.883499
199.481262
46.025795
145.645935
160.136963
161.692810
172.243103
177.467133
184.746719
189.789047
192.866684
193.956924
195.353790
196.716583
266.525635
279.483521
385.031799
402.589111
166.626083
195.578918
220.707352
340.788879
368.474731
444.563904
463.732849
475.933380
482.409058
483.676056
496.111206
506.833618
510.517242
606.010010
794.297241
827.872253
107.014999
147.817703
153.200851
164.454742
189.088501
243.875687
249.024796
249.804962
343.093353
350.973053
364.196869
398.387665
405.760223
408.217743
471.235687
543.167053
5.349385
5.494358
8.349610
13.311600
14.650289
15.220928
17.452076
17.880825
18.150209
19.956718
21.212124
21.273815
26.934967
28.656137
30.218969
30.665199
23.596909
30.875177
42.671207
50.628700
68.712204
70.270058
73.728477
111.347412
111.914467
128.645767
134.204163
138.466446
165.261444
170.458420
178.422150
194.299744
51.901398
66.542221
124.683167
152.106552
155.654144
177.108566
179.276535
282.015686
283.015198
289.885132
304.737122
339.438660
352.488708
428.339417
436.039948
479.089569
55.600094
66.130371
97.007278
144.469025
192.919266
217.865173
233.530151
238.939453
256.444153
297.082489
331.913391
347.907898
357.394745
400.147369
402.453888
479.611816
10.700027
13.695172
13.932228
18.908335
21.107798
30.328230
32.542126
33.902618
41.840889
42.209869
46.897388
47.723991
52.390892
55.083019
57.177357
58.342022
62.713295
70.366333
109.997017
237.240723
240.575027
271.409485
322.757874
329.521759
338.603790
383.601135
427.074219
439.331787
480.661377
545.029480
559.509949
559.652832
119.693588
414.041718
459.161957
481.168518
499.799866
608.455688
611.614868
619.013428
668.048950
721.296753
731.638489
838.728210
839.403259
857.818542
935.854126
938.878357
118.131546
118.754700
156.097397
184.139465
218.942780
235.768021
243.354965
262.439148
400.047821
413.570312
434.539551
472.598877
512.963867
519.989990
548.888916
564.763794
89.403465
122.356575
138.402679
142.652328
170.971130
208.228836
303.937592
348.503967
372.188446
389.333588
400.012665
487.680054
519.241028
524.314941
536.257935
561.151367
71.641747
93.067650
98.721123
106.617821
118.672508
122.243492
123.417511
155.095139
157.694763
167.233688
196.765945
218.387512
218.646072
221.126892
241.630356
245.376038
10.886788
12.887836
16.767059
25.157413
26.054813
30.333368
34.227951
38.300255
41.220642
43.864571
43.956726
52.970215
55.236752
68.221619
69.641220
79.611343
283.695007
287.128693
296.733002
342.042480
423.629395
442.962433
459.309692
500.065826
588.420532
623.976440
650.798828
694.217346
700.711426
757.317200
864.233643
904.915100
22.358994
43.823933
68.399567
72.594986
77.886612
99.397461
100.057480
105.240059
139.583954
149.432587
173.807343
174.949463
193.498840
194.038330
194.853302
207.416611
75.723198
86.283180
115.565720
117.982147
128.446991
153.315277
167.262054
218.501740
303.761688
329.429108
382.723724
419.236511
504.039825
544.738525
653.439758
665.864380
134.193741
141.941010
296.078583
306.249847
566.282715
570.916870
592.352539
605.613220
700.196594
712.720581
741.261902
744.755310
768.947754
794.827454
806.495911
818.306946
12.492013
17.076204
20.977577
28.684149
36.438808
47.091442
57.763313
61.866646
73.256599
73.679756
79.389160
91.824181
97.873390
111.497742
112.360085
115.437584
50.811989
55.528656
78.950493
89.265259
91.263611
99.344521
109.881317
141.431168
158.333115
161.111969
167.356003
171.023026
194.471771
224.426971
226.304214
226.627182
49.017521
123.054543
124.848961
152.231247
160.574097
228.155899
246.659332
255.270172
260.571869
268.530182
294.887085
296.856293
335.447815
361.303680
361.560028
410.906403
94.268631
117.115173
117.798866
149.438385
193.004440
447.146118
522.446655
551.123535
563.524841
571.919006
576.287048
609.388855
633.203979
636.128601
670.673828
678.555237
29.739149
90.902191
102.382271
104.191544
132.251282
140.737259
153.778442
189.619659
199.682739
218.071686
227.886581
233.914825
241.175934
242.713028
251.038879
275.335968
139.017487
168.017685
200.507263
212.826492
237.826675
255.465088
341.082672
346.295502
357.870026
449.423859
512.509399
515.062561
551.850098
685.127563
719.468201
768.979187
111.258057
152.222809
159.886871
164.122910
312.017181
355.699860
370.366852
478.496155
573.329651
611.992737
662.874268
679.279785
730.161255
770.881165
801.855713
814.367920
99.508865
122.655235
199.223175
296.865692
320.346222
335.606323
359.599243
400.144409
468.915192
507.143463
550.228271
570.768127
618.887634
705.435913
725.975830
735.555176
24.870779
25.422327
28.728567
36.630024
42.736664
48.626949
60.776241
67.580696
76.551727
76.774178
79.403931
84.623825
93.341942
102.971176
103.903625
107.118446
99.153725
133.855576
144.985153
155.249969
163.224838
300.831207
301.247559
344.020325
380.515717
400.308746
443.001465
453.474487
461.049011
478.119690
492.291870
495.270416
25.406858
41.448189
50.452488
55.343937
55.825352
75.076134
98.463547
102.968674
109.001259
138.213226
140.471741
143.181946
146.153656
169.445984
179.032730
208.892548
16.276249
17.764774
55.113197
63.506927
65.223564
66.545837
66.855141
68.993202
80.077873
82.656693
101.980446
105.676628
125.077705
128.178467
137.418915
140.075073
73.322884
191.161758
205.457047
251.513489
303.104492
310.071381
313.144592
318.484467
347.812073
431.789978
461.006348
473.174042
478.527832
485.953583
486.023132
499.609222
13.440241
15.110018
16.652439
17.699589
22.647600
37.262871
40.404316
42.555218
46.984371
51.922951
57.054920
58.974693
60.519474
79.559181
81.967155
84.575592
67.319221
81.984726
164.361771
201.421707
205.731003
226.985565
265.949921
297.101959
329.630188
330.811768
368.247040
381.119324
386.234863
408.837830
450.874298
454.238342
103.010864
146.175339
157.384445
167.825821
241.427216
254.171814
291.791443
300.339020
304.894348
318.440826
393.338837
407.653076
427.495087
440.427368
480.981506
565.928467
23.502943
32.105198
50.238613
53.622089
73.162941
75.887741
77.948227
86.015656
101.947838
102.612152
128.458313
140.134415
157.597885
174.824921
187.947861
203.637955
91.949799
97.956261
135.061966
178.549545
233.121399
242.447220
244.166183
323.850586
377.493835
402.843475
418.195496
452.377014
487.190796
530.184387
640.829773
671.296753
41.064812
56.198921
100.287178
178.121017
184.914825
187.310532
189.438065
201.371933
210.409500
234.992355
247.328491
280.019226
288.037720
295.046082
303.851227
320.040161
72.558647
79.398628
150.959290
233.229019
248.463516
251.192596
275.443420
338.626862
406.232086
408.391174
454.371002
514.600830
532.149841
586.627869
587.370544
628.082275
117.806816
142.305069
177.766693
189.238220
237.664993
248.135635
305.724243
319.967407
338.891571
362.835480
398.266327
490.700623
495.012054
502.818848
530.134949
557.897583
56.542084
69.943451
82.550316
121.280273
134.719940
162.977676
164.423111
177.604324
195.811035
199.266678
223.571030
247.435028
251.378860
262.425415
292.377502
308.765442
112.746536
112.869171
195.182785
199.744858
358.706268
385.490082
513.767883
533.929321
583.253662
646.141663
681.657227
749.548767
821.438293
829.188904
861.000793
866.691162
150.870941
286.105804
318.040802
327.917084
345.413635
349.399231
381.083557
397.427063
426.755096
537.524902
697.876587
784.732727
789.570618
855.846985
860.810181
864.770752
110.533180
141.944580
148.976990
272.252411
301.293640
345.311279
355.104553
410.243805
475.853546
617.673645
655.987244
749.257751
846.096558
865.657043
870.788147
882.951599
54.220253
62.676212
102.105072
129.022980
149.657745
159.774445
225.401566
260.581665
281.922241
300.218140
300.813232
305.089661
358.787079
433.977295
482.304993
499.701294
139.722626
232.939316
241.085892
250.252869
297.503052
311.492157
353.015045
391.690735
445.145508
452.535034
479.624512
495.292267
528.224243
550.557373
574.898376
585.003479
64.143829
131.008087
195.772552
211.692612
276.786469
285.075867
308.544250
339.615814
374.036102
382.407837
395.939911
455.132355
489.799652
490.348633
494.891327
497.402863
29.678537
31.559666
45.416119
51.649044
66.819588
73.502548
79.807480
91.260765
99.334320
107.101852
130.143433
130.498962
131.453018
139.922607
145.957520
147.204102
22.923180
33.289112
37.501583
39.275009
47.690639
55.370834
56.045761
69.041580
69.530319
86.682747
98.375259
115.420639
124.222603
132.331024
140.998016
169.014420
122.455399
170.144562
183.187744
188.193588
206.000595
238.290131
263.395721
272.464813
297.239227
326.484528
343.463593
353.768219
370.008514
410.424561
422.486969
431.887238
14.980233
24.884851
44.816521
49.001263
49.280663
59.301437
62.553791
63.687096
66.088692
70.326797
77.167419
77.292992
78.332115
79.120087
81.936081
89.787567
116.690598
208.544647
247.817474
266.292664
324.927917
359.947266
502.555908
562.965576
633.082581
702.495056
709.384094
713.298340
768.019348
799.359314
807.553101
836.335815
85.175858
91.489845
112.721489
196.191010
226.072586
236.711533
319.001495
323.349609
343.563599
374.023376
634.307678
710.191101
710.792480
745.716003
762.183228
797.638672
10.643118
18.445616
21.760620
21.936382
24.294708
41.559429
49.257362
53.357731
55.729408
58.993240
61.487282
61.936699
65.456390
66.697845
70.264259
76.516045
89.944534
110.445023
144.712448
151.371048
190.972855
194.720657
240.943573
244.978714
262.518433
300.920929
345.644745
346.794067
350.042175
363.871552
376.739014
412.667969
58.109962
111.769882
147.253189
154.063705
158.253021
176.612778
232.619171
232.928223
281.162628
289.701508
366.105103
367.238281
368.783508
369.413055
385.758270
407.586243
109.955147
134.895142
150.154877
183.921432
255.158951
270.799805
298.986877
311.182465
394.707062
398.198059
425.546661
445.105347
487.317352
506.677856
548.813660
554.012024
161.433121
290.242493
313.591309
360.689789
365.359558
389.089172
391.013214
445.346802
547.039490
576.521118
606.403625
619.811646
625.523560
695.570068
708.296692
726.053772
181.307220
250.544830
256.505127
358.592499
400.205841
521.153931
534.625854
563.311584
581.083618
627.378113
637.257568
648.525024
653.097290
713.979553
739.208862
752.054810
11.311102
16.216440
18.453178
18.786753
30.715034
32.320366
40.305313
47.909035
51.754082
54.330353
59.018272
68.245193
74.785645
77.412544
89.382523
93.197784
86.199577
86.560265
94.118210
136.629608
192.666626
213.274734
219.389954
242.621216
351.186768
370.155426
423.388947
447.603882
450.210632
458.932617
495.591095
578.859680
28.808811
31.850306
36.360245
44.989880
48.498058
57.759327
59.272026
67.684410
89.248444
95.568794
106.990494
109.786575
113.829826
119.385788
121.968643
130.610352
76.135963
76.965302
87.760124
109.710930
115.235413
127.434769
149.091293
199.801529
201.727737
227.999161
272.689972
300.071625
301.770447
320.510895
365.108093
449.246155
74.188683
101.314499
160.203171
167.002945
223.545593
251.257919
260.000488
278.896912
304.483154
334.468170
362.418762
402.282684
432.359344
474.734283
568.409973
584.942017
71.294098
98.514420
109.069954
186.074585
224.515625
247.954865
300.014832
346.613220
357.028717
373.098328
391.583649
422.777588
439.564941
471.616638
521.838562
610.659119
109.026260
135.793594
212.660538
228.652878
299.022430
335.025452
343.029724
377.201813
426.961151
465.589081
483.590576
486.409912
514.214233
524.551697
552.987976
576.223022
97.630592
150.686447
255.722351
284.165741
372.828339
488.989716
498.042267
526.564392
622.547729
674.055481
690.428772
722.047119
723.070496
767.677307
779.904785
888.535461
239.336655
243.684891
275.581055
334.241882
339.697418
409.755524
513.330261
661.602783
699.251587
748.135559
767.905273
797.937866
798.369995
840.907166
876.287354
973.137146
10.767636
10.986994
11.249390
11.475689
11.765851
19.897345
20.497105
21.364817
23.221024
23.791630
31.005432
32.484013
35.803528
46.329899
47.493328
50.136723
84.809822
112.844971
134.220352
293.894836
332.182831
360.309509
382.623199
424.115234
429.607849
431.576019
541.771301
606.263611
685.082458
703.757263
780.974060
829.469177
47.059780
84.486618
91.881477
115.059410
119.297653
123.315163
194.394150
205.629929
251.853333
299.765411
322.049347
336.596252
341.971313
354.244598
388.547913
389.784088
115.992889
137.695908
141.387726
201.243530
225.004288
247.627228
282.826569
288.249298
325.264252
340.527802
344.522217
351.494293
370.534363
375.690796
380.532532
415.429260
108.816864
156.834534
213.359680
214.586227
242.561737
253.757156
423.541382
440.112701
502.666168
626.885803
637.324402
641.108398
721.694580
733.281494
852.803711
863.581604
64.421524
143.848953
262.468811
377.413269
379.374664
380.752960
383.739197
391.178345
411.074951
495.467712
496.351227
597.106506
611.825806
614.988770
621.632751
625.378784
153.378174
212.851913
293.194427
340.498444
358.730469
374.844025
528.407532
582.742920
589.210876
652.020020
684.111938
689.768616
692.540588
718.637817
729.567993
779.058105
53.375843
63.740864
83.996338
112.492050
142.573257
164.748581
197.288925
233.269897
234.823029
246.460754
252.878220
283.304565
288.675842
299.396790
330.243774
343.607208
5.700449
5.703230
6.238072
9.532402
13.440363
14.623134
17.015554
17.804377
19.388510
23.048054
23.571772
24.065828
27.294346
30.846363
30.944618
31.590693
38.006516
53.249020
66.616196
73.594162
80.659355
88.218826
133.321228
134.774963
146.448532
174.215042
196.718994
206.226471
207.098724
208.261719
211.263702
233.658615
105.425362
241.724777
363.722626
610.510132
633.029175
657.918640
673.826843
714.308411
754.052551
788.239319
834.620605
843.601868
875.339233
878.578796
943.818176
954.985535
75.628433
146.388062
205.195694
208.080185
252.727615
296.533142
306.056091
351.310791
364.325470
395.861603
423.602356
424.168213
454.931458
459.541138
460.134583
463.088074
69.397667
69.753731
89.315659
92.876297
104.583237
151.777878
181.018265
195.228439
225.698868
276.281494
297.192139
310.862854
327.177032
355.338440
375.213287
391.991425
75.541809
147.827286
190.004944
206.822617
217.290756
231.019470
235.233429
278.192841
394.295807
463.263519
482.140472
510.398743
517.835144
599.883240
639.010071
675.086060
36.202019
39.465469
53.479610
66.244461
87.686356
100.043274
110.657990
111.924278
113.870453
197.224426
221.164902
232.383011
245.878738
278.190308
286.195953
304.535858
115.316177
131.904282
185.334869
192.539276
239.047485
245.482742
260.506897
352.497742
450.334198
558.067078
566.912354
622.394043
644.673828
658.108398
810.913757
930.312134
81.196732
91.128181
91.447945
167.664322
184.442459
223.886124
240.325684
264.627655
268.333130
334.392334
445.406403
461.469788
486.110321
495.138916
558.940979
573.725281
25.752241
36.521435
51.218040
56.612091
56.615868
76.041245
79.711617
90.730293
96.086540
108.273232
113.410240
122.818634
123.196632
133.103989
136.831070
137.284668
69.927567
99.898300
163.057617
169.680359
175.704437
286.925446
292.968231
305.914398
312.967438
404.170502
408.005737
434.496704
444.692749
461.324463
496.888977
593.742004
16.123671
20.542458
22.398396
23.871325
27.715597
31.245424
38.905602
48.192383
49.986847
56.237930
70.480179
75.612976
76.133110
76.516113
78.161636
81.897156
143.836304
148.656860
167.775726
197.516174
266.413544
298.931946
324.607574
347.709534
356.880890
365.786682
373.773285
384.435730
461.360565
465.466217
525.498596
728.820374
47.903641
100.707237
162.871735
163.393402
163.586609
172.367874
175.410904
190.316849
236.145660
253.022339
299.285858
305.284943
313.129181
324.837555
326.450836
346.022736
16.987732
20.452198
24.236879
32.150307
36.810474
44.502472
45.347298
46.318169
50.985146
53.168747
53.311825
65.824097
78.213737
96.009583
106.205399
113.141144
183.740799
302.725372
382.319214
485.055389
496.173950
546.149292
607.289612
612.280212
642.618286
676.136353
679.641357
727.295532
797.906372
802.687988
809.581970
833.211731
89.043678
199.639374
394.515778
397.194946
402.734955
405.050842
484.518097
492.873505
544.867798
565.052490
586.190796
610.257996
610.507751
614.299438
769.987122
791.102722
60.633205
63.022076
85.082581
94.552750
116.637634
140.294785
158.247879
218.579102
241.249008
315.864685
334.329712
349.308899
352.550934
390.906982
394.563416
427.300720
43.282600
69.471970
74.584518
85.254692
94.630630
111.654892
126.582596
131.993820
146.324173
164.074615
167.190170
197.086578
199.259262
206.152130
206.210693
211.194397
22.502249
40.235691
44.057682
47.940182
50.274723
59.829708
69.304016
72.591530
111.567795
121.268997
130.047485
133.365250
140.157104
165.181580
170.052353
171.111206
113.782257
194.419067
247.648758
250.520691
253.194550
287.905273
515.728394
557.618896
591.413574
605.451355
723.200378
767.814331
776.850952
781.802551
798.390442
866.920593
100.904213
176.570465
228.565506
255.481308
298.375183
311.618805
327.862152
412.588776
429.444305
429.934052
461.890198
475.705200
627.996826
643.464722
688.235962
733.007202
68.723473
107.043068
127.043945
163.810791
215.661484
217.713333
312.467926
334.834869
384.411896
440.791443
444.137238
517.042480
563.513977
605.549072
630.670349
665.828979
164.374832
171.264725
196.891525
242.892426
322.478760
390.581909
455.501617
485.812653
523.513855
599.143555
634.229797
667.405884
701.173279
717.158752
815.072632
818.233398
104.392792
115.132530
125.257111
375.500763
495.944794
585.399902
610.083374
637.048035
675.342041
700.435608
725.529175
745.522034
765.437927
776.946655
923.458252
927.405518
53.469173
57.826717
74.670311
83.713615
85.571159
88.818367
101.241570
112.282082
119.111694
122.749969
145.082397
167.666214
169.048904
170.501419
230.131363
241.905121
84.310349
102.645775
108.227448
132.549759
137.391922
161.177338
174.235001
208.960892
225.543823
250.048462
294.347290
305.895569
316.248505
334.776398
359.483643
366.159363
4.814933
6.790431
7.110601
8.397985
11.352432
11.856993
12.475541
12.492304
17.908371
19.125351
19.541906
20.917295
22.238207
24.160063
27.374332
29.654076
97.369331
186.332581
208.195206
217.829895
270.361420
280.914551
335.210968
352.049133
361.143555
403.662231
451.151337
494.498383
507.158539
513.407593
625.746216
650.490234
49.333038
72.075577
74.800179
86.779411
112.764450
191.046051
212.358749
220.127228
237.240433
259.600159
273.898682
277.906769
293.094757
332.139862
349.388153
395.087128
60.144135
79.965759
106.617966
111.320602
114.471367
153.115295
153.468002
159.875351
201.940445
249.084396
303.070679
316.908203
349.873688
361.665558
399.368988
403.107574
13.696535
14.402466
18.829397
23.031361
24.577682
30.201851
31.957624
33.672028
47.004536
47.167442
63.018543
69.149536
71.955154
75.399467
77.323326
84.392967
142.073090
240.045334
324.428619
329.979034
354.605011
366.237488
373.574249
422.847443
444.155945
490.919769
536.854248
540.299316
597.781189
664.088440
677.613586
742.177002
96.437202
118.431618
150.879654
169.361664
169.980515
215.708832
233.120377
333.859833
334.846649
404.409210
435.452301
448.096985
472.115234
479.775635
511.454285
537.061462
85.290932
97.316742
127.228218
174.762970
263.535309
296.354828
309.626953
388.406952
416.787872
454.111603
488.811523
513.059937
555.806213
708.512146
728.343811
736.936829
153.218185
155.625290
215.023865
216.811478
296.900452
363.148621
401.803711
448.476532
486.813049
500.600739
520.848633
535.255798
537.397400
551.999268
574.211792
625.327087
15.816522
17.207359
17.304718
19.603077
38.271587
39.102612
46.853050
50.166721
69.509789
81.210205
83.838890
92.416878
104.322441
114.844124
115.942886
120.883835
28.258081
33.950890
50.151974
52.533321
79.862755
85.172966
87.475159
93.959549
124.976448
145.841278
163.335281
163.724487
187.815018
192.327042
208.613892
225.256943
89.399445
137.928741
191.022797
194.665375
216.774445
345.186890
366.558228
380.967163
386.361847
448.908173
554.773499
598.000305
628.017029
635.025513
739.323181
800.324829
49.823467
67.766029
104.275581
163.136887
174.198059
178.021057
219.500488
253.894653
280.260529
289.512177
317.063202
336.968231
370.113556
382.449066
423.546204
447.350677
165.397522
233.151688
266.912933
276.895111
367.002289
367.376617
387.644043
393.972046
408.874054
422.688690
448.642426
472.920563
475.861755
546.539307
580.674805
593.116943
89.848930
108.792961
118.659645
217.704697
259.276306
291.244354
306.455505
357.943146
368.270264
379.797821
435.988586
460.342865
460.605957
479.911774
495.731354
593.477295
27.528257
50.095482
75.213303
87.474182
113.666306
132.851212
140.267349
152.264862
155.203583
172.406250
178.713425
186.885025
190.454483
216.722839
223.979568
228.997574
125.391220
135.369858
142.297318
163.391022
186.664154
191.240936
191.458878
235.498795
253.899353
261.356110
262.103333
272.268768
434.184357
519.789001
527.852844
533.036804
205.017212
355.810150
358.376556
365.830292
552.976929
555.141602
563.264832
588.080872
595.088257
598.837402
621.042419
662.305725
697.543518
701.225769
774.022400
795.223083
60.932442
72.445717
138.535553
150.197479
200.198456
213.875641
278.412750
320.253662
335.533112
363.696869
364.423676
372.517670
414.969757
450.104248
528.054260
532.332458
126.150497
130.266052
132.794556
144.414948
149.983047
254.566483
318.855194
417.870544
465.831512
523.718262
598.981750
611.543579
631.959961
820.549072
876.310791
883.654236
69.173660
105.800537
180.857468
207.097336
215.793869
251.481598
271.729675
307.830627
380.051331
395.378265
451.839996
479.770325
552.535706
605.053040
621.676025
638.223816
45.599213
64.669594
68.598671
71.222969
122.116638
135.098068
137.434875
145.241409
152.937393
164.813065
170.113266
187.635605
189.751266
253.714828
254.518326
256.287506
88.647682
98.776443
103.558319
177.822098
190.610519
206.334198
208.539108
213.734406
224.056091
229.278946
241.860657
277.717834
338.945129
339.951111
400.558289
414.655884
95.925926
98.109924
125.217163
135.057983
149.305344
189.799194
208.761398
239.337341
250.244476
263.194275
283.351257
286.961273
321.237152
387.193817
412.476776
438.170837
75.275185
81.141548
106.714661
121.521072
123.821945
134.044159
198.784882
211.220169
229.065140
322.206757
372.228882
402.368622
434.071564
508.050934
527.968445
532.447266
58.049561
80.211433
101.790108
108.519417
118.272438
127.038490
139.797272
146.104889
148.007034
187.144730
200.782806
210.813980
235.165115
255.227448
258.170410
322.009155
107.526825
139.170242
194.438843
213.911728
247.209702
258.902985
275.432648
291.978210
332.085327
378.747070
395.499451
417.867798
519.782227
540.336914
565.632568
574.191711
104.647995
105.126129
115.246712
118.892517
167.981339
309.689423
327.559845
358.897797
398.762512
428.546539
433.487274
495.485840
522.600220
541.725769
642.254211
713.656128
93.738441
142.682846
220.054794
245.034622
248.376556
260.454010
283.953247
323.464142
405.045197
471.820282
491.914124
609.621826
629.504211
725.362488
748.163696
763.202393
35.203030
40.204403
43.088310
66.737663
86.470352
95.602730
98.882851
126.448868
127.663483
164.563232
170.383011
193.629654
193.928436
195.591232
215.453827
230.451447
9.689100
17.255220
18.263008
28.153208
28.600542
33.526360
34.752674
35.174301
35.994411
48.285820
68.441574
76.614418
84.890106
85.432564
89.124352
91.332748
123.346840
227.317200
253.584229
278.853271
333.662750
368.532440
377.175018
384.699860
419.449768
428.232086
441.026276
548.270020
558.888611
565.674927
589.646606
624.795715
111.331192
149.551834
347.034119
372.956055
459.236298
495.916199
514.215637
550.192749
568.519165
582.764099
652.718140
752.162048
784.463074
921.424866
929.290649
975.295959
137.344040
142.564117
188.757492
221.566940
229.234467
264.594055
271.012177
362.662964
387.685089
406.391785
563.473206
582.950073
584.387756
588.033264
590.549133
595.615173
37.055492
51.818951
58.541977
124.735306
171.524490
182.420731
193.350952
196.130264
197.481659
216.044357
231.972229
249.982452
261.218658
277.775482
296.720642
300.647369
70.726555
107.140320
111.780807
137.757614
190.239670
228.271820
229.097534
305.541656
308.398621
321.609955
322.584290
379.360046
383.604187
422.296906
545.690857
587.719421
82.128578
193.954254
215.449585
216.536835
243.027664
258.954468
284.872284
315.785614
317.739716
337.824554
351.723785
422.571686
462.021423
495.505951
510.874451
517.177612
23.737028
31.129436
34.564610
44.368946
50.926052
51.698704
69.276558
74.549385
81.148262
92.215988
94.220711
96.455139
101.686203
116.632858
140.621643
187.732574
7.467917
8.744898
11.315697
13.152584
13.232571
16.924587
18.545370
20.807449
24.238455
30.191149
31.264652
43.489983
45.808193
46.241806
48.735424
49.449692
123.572487
194.790451
299.783295
319.537384
340.405518
396.624512
418.036072
452.598938
453.033691
677.013000
750.649231
818.905457
823.225830
824.883301
861.864502
935.663818
14.182597
15.486927
21.275331
25.409235
34.917919
35.658215
38.182270
41.639332
45.169247
47.956520
52.038719
54.123295
59.441673
64.769447
73.338074
81.779793
1.710916
1.890471
2.063075
2.204402
2.321691
2.733508
3.797224
3.889318
4.038175
6.852257
7.163871
7.606965
7.811136
8.866743
9.495473
10.523567
49.940586
97.897476
121.824982
195.288406
214.020370
217.445862
230.294647
246.072281
288.553467
294.984222
351.282013
355.076782
419.498962
428.654816
440.701355
454.314178
30.934982
58.385429
65.541496
79.471786
82.964966
89.491692
102.127945
107.388931
110.323486
125.576088
155.925735
159.447189
170.103516
187.519913
202.242172
241.494476
24.988590
28.895128
30.660526
39.153519
73.030060
75.719910
87.690018
101.377815
118.596397
157.470932
160.280060
162.653793
176.908188
178.769012
184.482697
215.752899
53.493591
98.907211
104.122169
118.535744
150.520844
185.475571
201.439133
309.171539
322.730438
355.512268
376.009949
394.276825
397.550659
466.214294
485.886292
502.849396
64.049339
170.411407
187.716064
233.623825
265.685059
346.720154
349.730255
392.907928
404.066345
444.051880
453.824249
484.751434
486.865509
497.827942
498.513947
509.140350
74.173439
85.461739
126.821022
187.355469
229.611847
237.068848
252.618286
265.102692
283.642426
292.631958
402.337799
481.617554
580.801331
613.974731
623.169861
676.209900
192.533569
213.390717
228.120911
257.249420
272.285980
358.139801
467.658936
486.371643
516.751099
554.074402
571.255371
583.815613
597.065125
724.454529
851.665222
897.336487
103.976982
113.071159
183.084122
197.519608
242.082825
264.024048
351.701721
357.112854
409.757843
501.886597
511.294983
561.967529
580.435181
621.856445
623.532166
629.658936
164.118881
362.303436
370.079102
382.458191
393.692383
533.320801
535.014282
611.721619
635.835754
638.149414
663.313049
691.815918
700.951172
712.900940
814.986572
824.002563
124.170662
179.301407
235.945023
258.178284
259.691132
265.905762
289.162445
331.374451
379.667633
380.958008
383.079010
385.837769
422.858582
434.561066
461.674072
463.453918
28.488699
32.653378
72.048820
87.226921
118.205109
136.736588
137.669586
154.247177
197.577438
200.673904
204.764206
206.927689
215.459869
219.462296
219.550186
245.214340
85.860771
94.842903
183.003235
263.361572
268.628479
397.918640
509.091553
509.113434
549.369080
614.779053
626.886353
704.010254
726.520203
764.328186
778.752014
791.886475
111.347748
201.543869
250.901413
302.661224
387.467377
389.849457
401.941559
450.814606
478.329681
545.149109
591.539124
667.119751
671.379272
685.893799
686.681091
723.239990
11.277332
18.368275
20.996387
35.544785
42.014812
43.689991
44.492008
44.573933
44.763657
45.386730
56.121239
56.893074
59.503937
69.130287
70.115555
75.824532
70.041878
126.096512
174.330124
188.902420
208.752136
239.465698
306.241547
310.972198
330.631744
353.048828
367.585480
381.290100
390.382935
390.977234
406.417236
426.385803
97.143982
188.119812
213.055893
265.993958
269.918335
327.700562
380.679504
387.301880
530.398193
577.756287
588.507446
589.754272
630.142517
680.484802
712.288513
743.642578
40.738117
43.268364
61.202953
66.519089
82.047981
88.517807
95.092506
97.570312
111.106468
127.998810
162.340668
181.894348
191.510590
196.072906
204.483017
224.652878
47.473152
63.090916
84.843300
125.954384
143.985443
145.515823
153.187363
167.909134
178.059372
178.209793
178.458328
182.375839
212.172546
212.486481
217.620453
236.645615
14.002087
27.026739
51.161667
56.133671
56.329327
57.737293
69.300270
81.757133
103.179710
104.568497
106.498215
110.023888
121.682770
126.562698
132.229095
134.880066
114.217613
131.026413
232.529999
304.543793
307.983673
397.382690
401.250183
406.586609
414.061310
492.452789
516.122742
560.468933
598.437500
617.458984
638.600098
675.564575
119.650696
187.525696
292.123169
318.149323
361.304413
412.814484
435.168365
453.578918
465.556854
554.430237
591.374512
688.282471
723.550842
744.992859
795.418457
894.470642
57.134232
70.057808
113.349457
115.830780
135.211456
136.254730
154.808304
163.502335
179.414795
202.273087
213.316864
220.356689
277.342621
321.066620
336.875671
341.452972
95.867157
127.503601
145.257660
265.856903
441.600677
446.413544
536.488647
567.675903
618.093140
619.248230
635.611877
651.975586
670.007690
713.195007
764.446472
774.799438
46.429691
49.745438
108.062164
117.938095
146.817169
191.027115
220.262741
225.028381
269.808777
270.949677
281.122711
291.046204
308.801483
318.606110
392.467621
410.769592
289.060791
295.443634
320.596313
333.713593
353.105530
449.145569
481.086823
493.744293
498.585510
519.032227
537.315308
721.525024
747.543213
784.163391
855.483459
929.697510
54.989506
82.558632
102.409241
158.697937
161.113907
187.386154
190.868896
191.360458
212.005920
219.755814
243.852661
259.174652
282.162872
301.982086
325.922058
347.906219
61.632843
100.999214
148.097290
179.350815
223.821747
306.570068
312.246338
332.256226
340.804657
380.606628
401.827972
416.039093
436.933746
461.462860
463.491058
471.004974
73.304695
81.888268
91.764351
97.083519
156.870270
268.108765
281.199554
284.149109
322.311249
401.651306
423.375366
467.817749
481.057678
489.641235
575.476990
576.073547
1.438231
1.524957
2.565968
2.593451
3.574915
4.381706
4.694101
5.093527
5.979714
6.308599
6.756274
8.136858
9.409340
10.771297
10.883368
11.037275
55.523083
71.821068
74.140869
79.422478
80.021309
83.495621
86.257812
88.475113
134.240021
136.424957
138.318573
145.429047
148.148071
150.138779
175.662048
175.796921
15.282465
16.657299
23.230652
24.779398
32.896793
42.398426
51.439430
61.899921
62.036232
64.757698
67.559067
67.791733
73.493187
82.491882
84.179291
85.140495
9.949235
18.876999
19.320333
25.797808
27.149052
38.739483
40.911030
42.551636
46.156719
52.745693
66.582001
68.695145
78.798943
79.919228
86.415283
90.572548
30.198246
33.720154
37.249817
39.887371
43.083462
54.207726
79.295502
92.560837
93.546036
101.303543
116.260017
121.100700
182.509109
182.640991
191.639694
219.558960
36.380165
45.581875
58.258312
62.503723
109.914131
153.464462
161.875565
200.011169
203.891174
204.475830
210.016785
212.773987
218.813232
223.145004
228.393631
230.041306
18.055733
34.412868
38.549603
40.447582
42.259289
46.870518
47.508930
69.896461
77.492699
86.741035
90.515427
124.868866
132.961166
139.560959
141.532257
143.192993
3.094491
3.922526
3.955183
4.188759
6.442055
6.695004
8.719704
9.004203
11.525392
13.953039
15.827188
16.505224
16.629208
17.897829
18.644499
19.544489
95.624908
162.451706
200.321915
217.232361
273.591980
393.340302
427.517731
441.932343
459.861481
469.182617
605.051880
727.041321
751.464661
802.756287
852.952820
900.296936
21.884834
24.331871
40.017647
57.307289
59.241089
59.360233
68.795532
87.386589
89.462448
100.652824
101.431847
101.496002
101.775528
131.424072
149.753937
165.160187
3.240030
4.401392
6.470941
6.852642
9.040648
10.538033
13.859529
17.972301
18.415167
20.427422
20.528074
22.136948
23.409027
25.325275
25.752657
26.209459
76.000427
106.748367
120.597694
122.343979
221.693787
255.034286
282.235931
297.549438
333.348145
383.493225
387.388763
427.660645
474.031036
477.671356
484.925140
487.786346
9.779489
14.842692
17.340940
29.548147
32.670418
39.121540
43.709194
44.062088
46.667931
50.246384
55.580715
60.011288
61.554134
75.302032
75.573166
77.731430
90.717934
95.114113
202.169678
205.558914
250.011902
279.679962
354.685181
390.345825
423.624146
475.002960
482.223511
505.677979
586.528381
618.603333
811.912415
855.825073
73.377220
83.707565
92.424911
97.524849
129.073318
156.435104
217.444641
248.257767
257.105591
291.049835
341.195312
371.747528
376.373047
404.007599
408.870331
412.630066
31.487919
47.069027
50.906120
65.216591
101.838799
103.134605
104.222832
115.815880
135.334732
142.820206
144.531174
145.179077
177.234512
191.356277
200.508682
223.292206
68.393158
69.610413
149.636993
230.272186
242.872467
256.377472
317.668121
322.981293
330.778320
382.692780
398.089478
418.651276
438.555115
480.238037
522.792725
570.512634
99.162743
119.081604
132.185760
213.962311
223.707474
230.605133
343.994751
374.999634
382.560760
384.399231
399.867096
406.626526
426.255096
436.401154
474.497192
485.375854
87.044975
87.810463
116.192276
119.509369
145.692871
204.438904
238.355759
246.481674
283.911896
380.225555
466.960876
543.587830
557.621704
651.501526
673.229492
680.295532
72.893509
85.718910
102.330971
129.470642
139.740356
151.991302
201.030289
268.521912
275.438721
310.573761
314.512817
321.781342
331.253845
347.760406
355.509583
403.774811
72.876740
84.947037
93.656799
132.909210
167.588730
211.350220
253.516510
275.328125
278.156952
278.518524
297.650208
313.665955
327.958893
342.177399
360.245636
370.050751
61.652390
75.504738
165.266418
168.454147
174.350143
199.294739
214.792786
243.767395
252.267990
314.856262
347.640594
413.999695
426.219299
438.451874
447.833649
463.046600
88.945335
143.712845
191.474030
219.283051
230.989090
246.947922
288.928192
296.684143
322.748810
342.268463
347.847565
352.907684
381.552887
392.754333
395.925934
510.521057
118.428596
183.900314
214.668991
234.088577
338.348999
414.161011
434.412872
490.578308
500.237671
540.993530
638.494934
788.202271
859.525085
863.762024
903.710876
910.394287
46.044529
77.006233
91.417641
102.456161
113.906006
117.592995
119.933823
123.673157
130.740509
164.312271
174.954422
191.759003
201.294296
214.097794
246.084076
269.350220
122.420479
144.606674
151.663269
226.099426
234.524323
259.642609
267.735199
282.297943
296.684784
336.619934
417.174408
447.023163
455.233032
495.520050
582.212402
663.920166
99.943260
114.271286
115.440567
183.241272
203.136459
220.640732
243.956497
308.964905
311.809570
371.425323
495.246704
565.228882
567.864136
596.869202
602.523621
624.809753
10.103880
14.094680
18.026873
18.455439
19.156897
22.321697
27.263037
28.019440
35.902138
36.810555
40.592564
40.806847
44.422192
44.766514
45.938660
62.313942
122.397507
129.208237
158.036224
166.484299
167.895218
181.168289
222.468079
368.750549
390.314911
395.732147
442.205292
508.379028
521.617249
551.176819
573.734070
599.949280
127.721390
156.444473
196.993179
215.676117
265.799194
319.648499
375.645569
406.568146
459.848175
636.068176
665.412292
795.934082
826.804932
829.935974
856.226685
869.216736
2.979850
4.544162
6.496960
6.606870
7.932698
7.995603
11.071000
11.285980
12.464572
15.466004
15.539278
16.367401
17.741619
19.575520
19.977140
25.079300
55.736767
63.947094
97.418182
134.947784
143.134781
145.094070
161.646896
202.216507
232.181091
245.468445
246.782410
246.906815
248.384048
254.300781
261.469269
262.324493
143.554657
253.038406
274.512482
321.452728
382.795990
414.472168
435.867950
475.606689
518.528687
563.877319
571.000549
702.428040
759.674805
799.439636
835.003540
947.566223
163.463959
167.071976
189.178268
225.182114
252.156372
291.100098
292.799103
309.292938
389.547546
405.621368
409.401215
517.508240
524.533386
537.590942
585.392456
692.735901
231.528809
233.405899
289.910095
315.767944
378.190704
381.389404
390.046997
417.686157
423.834564
448.696411
468.616547
559.099854
583.348755
600.740540
624.184998
696.127258
87.737320
144.780273
194.471024
238.261581
278.410614
318.398285
356.104248
423.426483
424.302277
466.733032
480.077606
593.195496
600.478577
710.093262
755.635437
832.015381
25.296095
32.217079
37.930206
45.657619
51.173618
54.015846
54.492538
59.936852
86.169205
91.298119
95.591919
102.839066
114.433769
115.921188
117.057365
128.720169
85.095703
99.030769
100.413635
127.255486
290.522705
321.974091
332.256989
337.611176
389.557404
421.434326
441.095886
492.634338
499.158661
532.861633
562.965637
580.872009
71.362816
129.218567
146.890289
157.871902
185.672729
204.153625
215.438675
229.584717
279.998993
282.556549
283.510223
293.465912
324.821320
442.021118
445.344482
518.675659
77.339027
105.697617
207.297897
229.474503
242.250595
244.291626
300.263031
317.140808
321.536896
394.268311
422.685791
611.559875
625.062073
675.440308
678.050476
714.062927
159.331757
163.807541
221.229111
259.062561
374.879852
453.600830
458.366241
481.824554
581.134094
674.625183
727.676270
746.948425
780.806396
870.348206
884.670715
939.880676
59.921822
99.315788
186.722992
199.483597
206.522415
209.975967
212.375900
215.258743
286.876160
298.319733
373.273621
374.649200
497.294373
503.294220
513.976807
518.410828
67.849945
69.140450
90.509697
125.441910
144.559113
209.248856
212.019653
223.064850
250.696854
250.924591
260.097290
307.226044
358.416107
370.245728
373.370789
387.945923
6.994471
10.774053
10.806154
11.593497
13.470616
14.622908
18.904293
23.716208
34.232128
40.757275
48.115379
48.368816
54.765549
55.199772
55.833363
58.717468
163.869934
252.119400
262.251678
306.044647
325.986420
434.213501
449.151886
500.727875
524.435608
545.166443
558.670166
563.960449
568.945923
588.780090
597.047302
646.022949
40.898258
43.777054
47.645149
68.340370
160.443893
172.912720
201.923462
212.957352
221.558075
225.274658
233.349533
239.757736
260.568817
271.656189
297.672272
311.005615
51.426083
79.914536
96.631294
138.073425
144.152237
172.906036
187.680954
187.753311
231.836838
304.143463
308.678467
333.307343
342.485870
355.041534
369.394318
393.130676
32.840992
42.531200
48.850597
62.312737
65.901703
81.707230
94.676765
102.671013
107.843346
135.386902
137.681015
189.411392
217.947189
239.319122
243.344406
243.513290
68.982002
114.361832
130.500702
247.871506
272.165924
290.449341
324.292450
330.162567
364.788361
431.566681
463.609619
480.672058
519.054749
527.507690
541.517700
553.304871
100.429840
160.261002
207.724976
231.106720
281.131073
294.706024
327.556396
450.358856
473.354126
523.619995
539.610413
543.378540
580.335266
740.070190
749.297302
809.708191
71.545921
99.964867
117.018654
143.106598
162.358536
243.037918
256.709930
268.352875
295.334595
297.025482
297.291168
324.852600
325.227020
355.964905
374.866577
405.688995
4.385845
6.558279
8.575128
9.274027
12.995729
13.263270
15.676080
16.817863
17.936596
19.268539
19.502329
20.624355
20.629295
24.355114
26.758867
26.968784
35.571945
54.411415
59.811760
74.947021
75.012009
113.457779
125.135780
126.922897
132.043808
134.116867
152.702881
157.583344
163.620544
176.058884
176.234344
182.460022
120.867462
159.817444
176.736786
325.579651
477.404114
497.825653
529.865906
534.456604
592.479309
593.709839
604.878967
693.545776
696.551025
696.622009
735.169678
792.955750
102.577995
124.440689
139.798782
150.300995
163.242447
202.654022
369.063446
464.848236
470.675293
568.628296
617.932251
648.309692
691.764038
695.829407
813.747925
814.538452
55.071560
65.347977
121.295784
122.913109
163.789780
209.117676
290.541840
301.734253
321.614410
341.151062
349.080231
381.941864
432.823029
459.286957
503.713135
516.208008
88.590767
115.280212
145.779282
197.718506
204.562515
353.514008
370.856628
437.945709
517.615356
527.427368
527.515930
658.571106
696.512207
702.957581
720.433044
743.113525
5.746046
7.686064
8.291047
8.382376
11.092002
11.550974
12.998861
13.034928
13.386865
13.717860
17.165682
18.165649
19.226114
19.586777
20.099850
20.846189
92.187920
154.054642
172.190140
191.995605
200.626358
297.109711
315.307648
343.962341
368.434357
381.918915
383.932251
394.014465
442.380981
473.298737
522.601685
535.134216
102.275513
122.168297
178.807114
210.956802
226.006134
294.234650
332.216278
343.632996
389.917694
405.436523
456.836487
537.000671
671.011292
739.264526
773.588867
890.004822
174.600174
186.111511
240.842667
293.114594
298.268524
358.415222
506.100403
538.070496
541.157654
567.241272
601.252014
726.516235
761.233398
818.397644
852.329895
855.783325
145.437424
152.384308
153.607101
259.759613
291.428162
292.243347
312.942200
370.750153
382.021088
442.575897
507.348419
562.444946
576.320984
602.938843
616.956665
621.989624
54.101322
83.116783
116.568184
125.524925
134.554382
187.555466
231.951294
294.200012
304.562683
349.419067
363.793488
376.652863
379.925293
390.421265
405.934967
417.085449
50.103607
51.104900
55.574585
106.351456
163.208344
174.232880
179.600632
205.768417
214.078110
241.608490
288.462769
288.741486
293.944061
325.149292
327.771240
374.202271
44.179523
79.815948
84.457672
91.634155
109.655579
178.276031
188.682465
190.030060
215.506042
258.212006
260.650513
286.885864
289.623810
305.163971
330.126587
341.495575
63.561649
76.500557
126.922958
141.728424
148.902603
160.825699
167.174530
208.060989
227.551880
231.653229
235.056198
254.547104
302.429962
351.569885
373.079742
411.363159
126.730888
137.077942
144.011093
193.091110
255.004822
370.634705
450.545135
472.566864
496.295532
524.007080
598.923096
632.155884
681.383423
688.759094
721.570435
739.988586
12.870959
34.131638
44.615280
45.741089
53.505737
70.113083
75.636360
78.740852
78.747681
82.810814
87.310631
96.296608
106.654022
107.919701
112.136360
121.634071
125.278305
232.463547
306.028809
357.402252
364.471741
364.657806
484.626587
539.242432
596.994385
601.539062
661.098206
816.015808
850.167358
920.197876
925.965088
939.200439
52.249687
55.371243
80.877258
110.158485
131.822601
151.285614
205.072357
279.255920
390.271118
391.191589
397.061188
407.666443
412.855682
447.499603
472.071808
483.197357
85.503647
105.559830
119.533401
122.093269
151.966187
180.124695
201.542999
228.503784
311.382324
453.231689
568.754395
617.861511
696.841553
739.795593
745.619873
762.458618
14.999107
15.551865
21.218616
29.828102
34.834728
58.615200
74.720703
83.636398
85.350342
114.399895
118.905464
119.394592
132.056305
135.734726
136.681168
139.118866
157.933182
170.399292
177.175232
187.469833
272.098663
317.016907
415.217712
432.348572
460.678833
498.439087
511.086182
555.059387
590.869324
619.360413
652.435852
686.174805
63.000015
67.701523
105.416817
135.404800
141.472290
142.472946
149.199600
160.198898
166.393463
177.861313
186.049255
202.726898
228.728134
255.237640
266.022522
266.356079
77.555397
135.333557
235.378006
244.823883
283.905975
297.550018
303.206848
382.972015
474.958130
484.350647
530.992981
549.724609
564.934082
600.582947
612.786072
613.639954
55.137371
110.015381
153.400925
169.633286
186.401566
234.800934
237.980713
252.188492
280.866058
286.796906
334.088684
369.447357
369.828461
374.211090
384.488800
391.670105
111.933037
215.044922
229.617889
268.398193
311.129395
316.035645
364.968445
410.419922
438.464813
450.560364
460.550964
461.927277
473.229431
510.746765
550.660522
551.826355
26.827345
38.876404
41.220730
54.147274
56.825569
80.524231
82.187531
102.048828
129.309814
153.460327
157.225662
174.330078
179.686676
215.532623
219.710495
224.431900
114.211029
121.497086
138.814087
237.105225
253.937836
302.175171
333.862457
409.205536
428.843597
611.721619
655.034302
665.024902
671.866943
681.494202
706.137634
720.528076
85.922165
111.976898
155.514130
169.345978
197.334198
203.824219
203.959427
231.934113
249.808716
279.973785
294.373535
370.185089
409.922943
446.483398
448.538574
477.351562
18.176502
24.570190
31.604156
33.406921
42.484325
54.908424
75.106667
85.491875
85.900558
87.939453
128.853607
133.589844
151.190659
151.335968
158.329056
161.571320
127.456963
157.432205
169.526047
193.604523
326.991608
366.330719
367.586517
452.489075
781.206665
786.366333
810.717773
874.299133
874.599426
884.755005
888.849976
914.211548
57.456623
60.305363
83.274475
131.076035
134.086014
205.197098
208.027924
212.426453
220.220184
238.289108
245.563248
249.585541
271.372162
278.413391
320.015778
322.927246
153.040924
158.142975
166.551285
207.955078
278.746002
315.450531
328.306366
374.359039
378.286285
395.304291
408.361511
426.252258
446.459045
506.508820
523.342224
579.800415
66.972290
75.383095
120.702477
138.089508
138.909393
170.403961
172.043716
197.318527
228.770691
324.696228
325.332367
423.590332
430.121063
466.520752
510.454834
514.398743
120.062126
128.278473
148.874115
327.771362
328.428680
386.299133
420.889954
468.709106
471.310944
539.807861
550.297424
598.582153
680.060913
700.875671
825.243774
925.948792
21.415442
27.407797
34.326866
36.890957
42.053253
65.681557
84.681992
86.842422
86.944756
121.284256
124.041649
126.003098
126.423813
154.145569
165.101227
206.945389
113.103935
196.698898
197.365616
216.854004
232.162659
263.805664
267.062286
512.180176
633.008240
642.803711
648.111755
663.266541
732.886292
763.324036
789.505188
867.971619
27.804281
54.896992
74.345436
83.826729
84.007195
90.601059
100.707039
105.533287
114.885017
136.263031
138.104691
140.672836
151.829193
157.252365
157.307892
160.621017
9.789626
11.145921
15.449950
15.701894
20.190681
20.514008
23.583517
26.443071
32.638775
36.426323
43.709579
57.003780
57.301914
67.963310
70.421860
71.631187
41.950558
58.941772
71.680031
88.681541
151.147415
175.625061
180.907776
192.533890
206.446091
245.515579
248.563705
279.158173
314.108582
349.079590
370.941620
371.332916
150.565140
164.296280
209.765244
218.809708
261.483124
306.397095
318.936005
356.799408
387.571136
411.189514
495.117981
628.030457
641.124329
644.886047
650.312683
654.403259
49.828808
51.631813
62.317924
87.955788
107.266647
107.700905
118.623383
124.230293
130.128540
144.156815
148.389481
151.082993
151.978989
173.609573
179.079056
179.353912
196.966003
303.083435
307.126770
582.153809
602.022339
621.998047
627.487366
637.662598
665.564270
674.641724
683.156799
695.072571
942.626404
943.777771
963.566040
973.794861
37.401550
39.290527
53.082100
58.698257
59.449787
61.552036
99.880020
141.193802
165.811462
189.647125
227.172806
250.439728
265.937469
276.611237
281.882080
286.929504
252.469559
403.238312
409.001160
528.852966
566.000000
579.602417
599.928162
643.279358
684.813477
688.317871
719.105042
721.103882
726.607117
777.538330
788.337158
790.387939
220.617844
228.275986
245.969711
250.747482
290.546936
310.092316
377.621094
381.781647
402.378601
455.825531
612.691589
661.520813
723.380249
727.449341
758.493408
766.448730
12.740741
19.876724
21.369764
25.508116
27.835756
42.792152
45.350826
47.822865
54.652729
57.927601
61.095619
65.981934
75.610168
87.000015
90.687859
102.623512
127.911591
133.678543
142.627274
182.175690
210.239899
235.644348
262.117676
310.241943
352.400421
415.190674
432.814697
455.683655
460.630310
471.070496
655.513733
752.731750
21.224785
31.488152
33.734638
54.778946
55.131336
71.638618
74.083328
77.783424
84.203537
108.017410
117.867821
122.768250
125.581863
141.499985
158.651489
189.160782
43.583572
53.655266
65.218414
67.297676
81.150642
101.258942
147.327286
184.490799
191.290070
222.443893
225.672440
243.534790
262.072662
285.225281
295.884796
314.782379
114.681534
133.448517
192.312027
204.019409
274.339081
341.669067
388.272491
433.016785
546.698975
549.613281
561.471375
713.139771
801.070740
801.548096
813.029358
891.413574
121.591270
141.386139
179.928543
216.035858
324.881500
556.135864
611.357300
649.297485
684.462219
729.210144
812.081543
829.729309
844.182739
918.492065
943.628418
948.420044
146.836548
147.743683
230.389908
238.901581
256.909271
265.884155
308.809235
366.171356
412.338959
427.934052
480.374451
611.002563
612.450134
623.142822
660.296936
689.248169
52.624409
77.138168
147.158325
176.881119
193.491898
198.667389
227.317078
308.750153
310.002106
312.550751
338.305267
338.584747
338.808289
370.990295
376.601746
379.675751
114.153549
131.509094
162.641403
221.548920
243.306686
285.191193
294.249023
310.686127
317.463654
359.633209
387.772614
398.778198
412.855835
420.662659
443.988129
472.159241
83.979286
201.412384
204.833801
306.031128
365.831482
447.669128
457.550873
503.049286
507.086975
621.311157
639.140808
669.933472
672.334839
683.215393
701.066223
703.935120
25.515728
30.093775
41.921474
46.460617
51.077568
56.031715
56.696377
57.075718
62.114162
68.666733
84.527786
84.971977
89.689438
94.805695
98.767715
111.023392
116.436211
129.226807
153.882874
170.470856
176.914566
187.833374
214.630173
222.730530
233.660095
239.963959
273.914459
313.308228
327.637146
343.579681
356.402557
359.307068
27.486347
37.747055
38.837219
45.551903
67.750496
71.805664
80.449097
98.430794
105.319183
119.509270
162.936096
177.090240
188.357254
199.785995
210.969147
211.190781
15.936106
17.011938
19.565306
23.323790
32.484516
32.745396
33.274075
37.609722
49.060631
49.079102
50.034882
51.002209
59.073254
70.164009
72.731232
76.796768
47.948715
49.853657
75.336967
103.040604
106.295403
149.945038
157.312485
163.191315
182.732727
212.316071
265.995026
310.742218
364.459015
369.795380
437.717224
455.631226
362.669525
412.247253
425.896179
429.057526
446.118683
456.982635
493.011780
543.442566
566.500244
610.959595
648.443970
668.716675
746.369995
776.227051
788.220032
881.328796
33.490299
59.909779
79.305031
80.587296
82.417946
83.563110
102.934174
105.571281
154.587631
185.724884
206.402390
212.466934
217.321793
229.370239
246.467102
260.499420
143.770523
201.194305
232.671585
364.375946
368.536041
487.784180
565.046570
599.986572
622.951294
629.035156
636.104919
643.150635
772.786987
788.994507
798.444885
818.716370
95.615578
143.751480
151.088715
232.178787
233.972336
235.403549
236.617355
400.101898
432.874878
474.072113
542.444275
562.825500
588.569275
593.279602
605.472107
653.173157
103.703003
110.148087
121.855301
134.215179
150.776596
180.092209
233.950821
271.071228
276.550903
336.637054
364.388977
369.216003
370.018250
387.776215
423.890442
452.009491
85.964821
91.133553
116.207024
116.566437
123.686279
134.896606
295.794678
309.315521
355.046814
359.359772
436.154755
470.795532
497.854340
512.402100
554.504944
599.739929
13.799079
18.134117
19.714148
22.617571
38.226181
40.236004
45.817135
53.760578
58.228573
65.194939
76.997246
87.281364
87.587479
88.688240
88.768639
91.715347
58.952370
67.971039
103.644569
110.464294
121.280754
158.766937
178.914078
210.055984
213.116699
237.022858
304.269165
381.009613
390.875183
445.328949
500.273010
504.121185
2.781148
4.927865
6.256093
6.285164
7.449493
7.606876
10.199176
10.661299
10.687863
10.845246
11.641180
12.394511
13.027048
15.938124
16.011301
16.756613
42.668312
45.110329
99.901237
105.094269
109.818825
123.683502
144.983887
158.250519
189.488419
206.492828
212.612823
223.885986
236.983170
298.611725
356.103821
357.848114
76.607185
87.863892
166.574783
225.216370
251.998383
329.470001
341.914337
400.882965
405.943329
425.720001
445.410645
516.479370
547.116882
587.152222
603.865173
611.920410
105.013847
150.179169
219.435608
231.216904
288.273621
330.422058
338.371674
343.458557
406.020569
411.613953
429.120728
506.811249
513.373535
588.972046
631.362732
788.835815
19.879530
21.152311
29.698660
29.871054
32.416618
38.696167
44.432858
50.103523
63.777679
70.919197
81.251839
88.162277
89.266335
90.271355
119.101524
127.178375
93.808640
167.413437
188.759171
203.242584
246.527878
315.794250
317.542816
330.129211
401.210144
454.211548
474.996399
481.908203
487.846710
492.036682
508.351166
548.320801
201.892242
203.438538
310.171082
337.126251
383.056915
419.270782
422.248810
450.483032
474.918304
487.708649
556.051086
559.659058
569.700439
599.194580
611.698608
625.233459
150.244247
151.205002
178.559601
194.545364
284.428589
296.998383
346.743744
364.384125
520.478821
534.783325
703.127563
724.717651
725.198059
866.054260
892.608215
937.496460
213.449982
253.973221
261.581573
300.910889
374.114929
446.335724
457.408783
534.358459
694.695679
697.692200
698.979736
741.914246
763.287842
826.706421
830.756348
845.973083
115.649918
142.653885
196.685989
223.835007
243.562164
418.229706
452.268707
495.832855
529.509216
606.870605
645.768921
721.921570
726.031372
728.158813
816.084900
868.182922
80.010406
105.095810
153.219696
165.924744
191.193665
192.760620
278.731415
289.911865
301.205231
383.223358
406.925323
416.905823
427.916870
436.499817
487.884674
505.474091
84.818054
118.808800
236.347260
270.050110
293.594818
294.479034
325.714325
363.180206
379.918549
415.040253
428.776367
437.207245
480.019531
645.449341
666.526489
693.895935
34.673443
37.403770
38.608807
42.484467
46.425259
52.493866
65.510429
89.833710
95.435493
95.869743
135.266830
168.334763
171.776169
177.915344
180.515396
184.353058
28.877598
34.958218
35.468636
53.392406
54.450226
66.707634
91.681076
91.917786
125.109688
130.162079
165.084946
207.567917
216.977341
226.283203
234.745758
243.422852
189.824661
269.080719
274.620667
280.060760
370.197052
421.179474
521.397461
521.871582
537.817627
540.088501
650.712585
670.152283
768.373840
799.267761
818.108521
874.580933
115.750359
178.489975
190.331039
228.629761
280.766357
297.759155
324.716034
329.747986
333.362183
374.835846
481.205658
559.540344
717.427734
718.086670
718.146545
722.699280
19.805359
32.081238
48.730453
66.252434
74.202660
81.380287
84.141640
91.619720
95.659218
112.623199
117.158699
119.714981
120.664047
127.302750
154.763702
157.296143
40.247417
42.227348
66.287933
67.085815
72.730095
75.962997
85.460747
114.030846
126.265045
138.109161
178.411087
188.334381
195.923126
200.355804
209.865387
212.855957
89.883553
116.116722
230.997604
235.495346
347.540222
363.559296
414.962097
451.608795
471.926178
473.743011
488.233307
554.281494
581.622498
652.567261
674.989502
744.693542
185.657288
196.890472
333.061951
558.274902
560.636902
588.156860
613.452087
723.476868
791.123169
794.364075
819.714233
827.486816
866.816711
893.759888
947.865906
966.679443
18.964151
22.286306
26.156277
38.452316
40.491711
41.760910
42.707386
55.076649
57.083500
59.003571
68.725952
76.612343
83.430214
92.669876
93.233963
96.610352
177.845688
308.453430
329.341980
375.198822
448.662292
504.256256
546.495728
609.270081
627.193970
633.204895
711.564087
731.827087
764.846191
768.653992
797.702087
939.869263
55.444031
59.938625
81.586906
86.273926
109.241722
110.382553
163.314316
217.716782
304.309906
308.543335
360.677887
388.635101
397.211945
424.371948
425.485260
436.756134
61.536175
103.037849
119.400909
167.539688
190.729935
205.128799
241.482361
271.864105
307.093018
404.653625
418.450562
472.624512
477.503326
498.206635
501.089569
523.582825
72.225479
94.030159
94.143730
104.421455
112.461929
116.845581
169.858215
189.107651
271.556610
320.049316
324.308044
343.648315
356.072449
392.731567
395.854645
398.409882
164.067047
193.772415
266.568176
280.422852
327.998413
345.516357
416.574432
428.902740
518.699829
541.830078
625.733093
705.244873
719.076050
730.465088
830.923218
851.869629
50.833389
51.652973
61.293869
66.869202
81.050163
118.287315
212.938507
270.751526
275.981781
297.657623
323.366669
331.476257
331.929169
341.354401
376.100464
388.771637
7.372240
9.397295
9.523565
18.072044
18.785471
19.118507
19.416821
22.496231
22.865570
23.214392
33.511711
38.070057
41.474613
43.011951
47.616070
50.458725
99.769104
110.929024
123.364365
233.847580
237.301849
331.709473
391.521332
394.205017
487.549774
487.868652
563.251282
594.180176
650.909790
692.467224
746.034790
905.674805
137.056412
151.872803
167.207245
195.424011
225.712997
253.981567
310.242401
334.573761
415.183197
451.222595
467.006042
476.987244
477.608917
499.816223
602.822937
604.290771
31.415640
53.791718
55.250217
57.899330
60.154053
88.431107
94.681824
99.459152
115.524986
131.508957
133.547882
134.634323
173.515274
208.586258
210.156372
239.668686
87.235596
99.377571
191.274063
211.549500
223.791275
227.932861
327.663422
362.725464
376.131531
387.242279
391.084473
409.181000
432.533539
513.967957
523.947693
581.863220
9.814611
10.487672
13.723472
14.257908
14.332692
16.764103
16.888136
24.279037
39.343563
43.248779
51.604584
54.121723
58.654396
62.005108
62.526775
65.240906
5.603857
10.025637
10.957647
11.667550
11.914962
12.308571
13.142179
15.706264
16.243259
16.992523
19.935455
20.500566
20.763441
21.767145
23.217876
23.703562
73.771774
184.152267
260.649475
339.074249
350.034821
361.354431
373.127594
381.366943
403.741608
440.024872
486.607300
494.015137
566.373779
582.512268
586.669739
675.733826
72.241676
79.335434
96.618408
107.028732
226.314407
235.656052
244.610779
289.200104
322.310455
332.573364
340.514679
340.920044
532.985840
560.844971
633.017029
664.487488
13.521120
14.730696
20.607052
25.157700
25.225594
25.370314
28.979387
41.461063
44.552002
46.724590
51.337772
56.958637
57.571465
57.692959
57.875198
64.687767
33.347626
52.891216
53.868397
57.212322
67.548912
108.769753
147.794189
174.966949
211.239136
256.090790
259.309204
266.283936
277.104645
307.666138
314.452606
321.750092
93.683624
213.519638
215.958221
227.277802
228.315842
287.105194
326.320068
346.438263
358.449890
381.863464
440.652802
484.069275
495.174652
520.120605
574.461182
588.515930
69.167282
76.208748
87.883476
89.559143
104.218933
151.036880
195.208542
202.826874
251.640976
270.000061
277.911407
280.328735
289.604431
317.376556
317.541351
331.276337
7.287646
8.811472
13.017765
13.554016
14.284385
17.602589
17.645052
21.674213
25.243557
25.777380
27.932091
28.607862
34.836624
39.104790
41.102993
43.779396
123.161186
134.526611
135.090851
136.924637
156.008057
232.361908
303.556976
345.270477
349.441833
361.613312
373.200378
460.032990
623.501587
676.117004
695.946045
709.024292
83.662277
93.420631
245.375137
272.059113
278.829376
316.692627
371.753143
438.598907
450.864777
471.572540
528.158447
535.660095
653.345398
705.250671
735.549622
751.785706
99.296875
155.077408
170.625916
230.879303
245.197174
253.906219
299.131775
347.126221
423.212097
530.584290
590.293396
590.459045
616.373230
624.940247
783.620178
801.913879
22.155190
27.940348
32.909054
33.007027
35.531036
48.407681
88.917793
91.703064
93.228668
96.429169
98.234695
116.896500
118.235489
125.233658
141.562744
150.791000
2.160808
2.928305
5.033458
5.329928
5.844364
5.981362
6.103583
7.370739
7.479721
7.490496
8.056037
8.079434
8.157631
8.845084
8.853704
11.040133
27.774508
30.296370
32.717037
33.633110
35.457268
37.220173
41.989609
50.516537
58.710590
62.771667
70.726051
70.829910
70.875175
72.291893
72.779228
92.759720
66.425705
111.345009
124.311409
131.367371
144.699356
179.467346
183.111099
202.767853
208.495499
213.491943
217.440369
247.796844
309.448151
309.959991
316.199463
424.646790
42.723682
48.340664
74.242744
83.537186
95.862572
153.214203
156.551025
169.522919
174.006775
182.251511
189.397873
210.336426
213.673248
239.005280
239.179077
248.758545
72.165871
113.189888
218.934677
316.510651
379.558075
416.875519
426.879639
431.989624
487.354065
520.443176
548.944031
566.289307
600.080139
611.919495
634.104858
645.980225
70.256912
102.727707
172.755234
174.751328
263.441010
324.786896
327.958771
358.652222
402.525360
402.552704
417.742218
454.150513
472.443542
472.484558
473.933777
475.369324
43.575974
76.620155
84.523766
120.141479
120.141479
139.917664
172.035370
192.589340
200.252747
221.035477
249.161346
259.215271
277.824799
317.788910
325.246460
341.637024
53.776920
54.641506
59.897263
78.599564
110.384384
122.966347
136.602493
146.059830
162.858536
182.068970
187.286804
199.876358
223.462799
235.187759
237.470566
260.639893
94.795509
97.113914
103.697670
149.438095
161.106964
166.179276
181.460251
207.129196
256.302399
261.285034
295.638397
308.472870
340.161987
357.799805
379.497986
446.744507
45.882092
121.351624
186.823349
220.999878
227.517548
243.659836
254.100250
258.942932
259.619873
271.084351
271.917511
275.614624
284.163086
300.930237
302.969727
307.821075
25.887026
47.967491
66.707558
70.211998
73.592171
83.847008
95.081108
100.300484
109.695374
117.882339
121.948486
135.518875
143.740646
152.345169
173.391708
179.774261
41.309116
80.297081
99.798073
118.955223
123.972572
134.687943
152.259201
162.511429
175.837234
181.366837
189.226181
195.429459
209.365753
212.025299
229.259720
240.248764
83.723984
108.598869
127.451416
146.889984
150.480957
150.942291
164.109146
175.742371
191.565033
193.522614
195.455246
208.098419
223.310135
257.673645
302.024506
363.606995
107.759621
116.127518
143.189651
171.498062
211.150192
284.044983
406.918243
524.958984
543.780396
635.394897
723.830078
733.927490
743.821411
826.228699
831.290100
834.316772
14.880493
17.137804
19.589525
20.602615
22.287498
24.426003
27.238461
35.034286
44.759083
52.546268
57.484272
59.944633
65.474503
72.611496
73.689392
75.160423
29.493526
45.044582
57.100075
64.913681
76.702629
92.367920
127.574837
154.686371
180.213867
188.781418
190.906158
205.124496
222.792679
254.481186
262.485199
273.832428
8.462680
13.302433
16.908733
19.063536
23.313284
27.122665
30.339903
30.630630
39.604694
45.543228
50.297474
55.447193
62.024895
64.656403
72.431221
73.008400
86.937805
100.974831
130.133026
222.381744
364.501831
380.574005
400.222046
443.778656
446.707794
509.608093
518.034119
567.696228
609.579041
623.425903
652.793335
664.661987
61.575848
84.359543
84.516251
113.542168
136.926575
140.313232
144.561768
190.860458
208.760071
219.477203
225.057770
232.170593
238.412827
241.834290
242.391479
312.031067
5.528465
8.262124
14.735632
16.416615
18.977827
19.396198
29.563070
32.094292
35.186340
37.171730
38.347366
41.025543
43.418804
46.843754
47.723980
48.988091
119.290695
228.948776
262.219727
286.890472
301.116516
322.444061
329.476379
494.378510
608.417358
635.762756
652.893921
690.430359
758.378723
818.164978
834.512268
838.731628
73.700157
92.882446
194.575378
220.151764
220.611221
236.673035
299.561096
317.365021
327.664490
329.464020
348.148560
406.078308
488.914398
600.811096
614.613953
656.558411
72.072334
84.142197
150.399734
160.351547
183.589310
183.619720
186.507965
208.499237
234.554321
238.719482
245.853973
253.262100
337.426819
340.467072
343.010773
352.445740
296.905273
325.861664
349.460754
384.859436
390.329742
417.274323
419.173096
444.354523
606.632324
610.633301
616.600891
660.996155
702.588501
736.789124
751.210815
779.104797
14.748404
17.644962
23.061861
24.227142
28.615263
37.867603
39.076168
42.335629
44.296631
48.604847
63.034370
74.104553
84.701958
92.858940
108.084183
118.049011
67.990486
123.391716
139.338333
144.472427
266.116821
290.139709
321.841675
362.046570
366.827606
403.810791
433.335571
437.778259
461.139160
479.954376
492.620453
529.794922
92.133820
180.470718
251.087784
255.020676
295.441956
342.418030
356.816772
418.672241
431.607056
517.016113
532.572876
568.558716
578.806091
624.230835
731.314514
784.648743
2.784183
4.546601
4.766070
4.819365
5.504421
5.542911
6.903030
7.406366
7.669138
8.027025
8.094753
8.787951
9.484850
10.144369
10.918249
11.285389
35.454395
49.526608
64.799706
77.040733
122.077126
127.146042
139.188034
143.812424
144.051270
146.307068
160.180237
178.306259
189.830750
211.466522
213.430405
226.122589
114.505333
140.372589
145.951797
178.970596
190.010666
210.163452
219.107101
240.933655
253.224823
299.954956
349.440857
436.780884
501.601196
537.866089
539.539795
611.968140
