256.048157
740.900452
292.071411
527.552246
320.028442
245.959869
339.040100
453.747467
481.704498
390.382568
636.325378
616.258728
678.964233
637.710022
694.217529
610.544189
47.309654
358.086121
84.889519
278.445587
96.618652
36.918674
236.212601
222.151840
256.477539
318.134064
297.940094
357.771851
346.569885
156.845795
365.081024
348.009399
84.989143
191.659775
154.230591
180.958359
187.434189
237.694778
196.452225
369.650299
352.730713
185.269852
363.810028
526.615906
383.735626
328.373413
492.364471
399.985291
29.415689
41.064903
39.463291
58.269703
57.381310
212.862640
63.080788
187.599747
64.920135
155.817780
144.888046
50.274162
210.047318
153.546753
213.112900
111.028999
279.983093
726.873230
360.406647
745.788513
413.412445
969.273926
497.333832
552.169312
625.973816
727.115356
656.109131
903.541321
782.085388
496.661163
925.792969
259.507263
80.545219
182.367294
151.122559
175.737747
180.091949
168.663467
227.481354
70.864624
339.180542
319.622833
345.230896
295.969513
364.747253
359.286377
374.200287
49.610756
329.090393
158.145035
360.498352
460.250671
468.096649
199.619980
593.342285
548.728943
602.540161
598.025696
644.666931
272.744324
673.033081
860.442871
730.562073
849.772400
302.654633
485.371124
355.509064
385.546417
391.687500
744.709839
405.562744
923.161011
619.215942
420.748444
747.690430
272.231842
833.331604
575.637329
847.309631
191.960953
92.455986
525.362671
95.628120
795.395996
118.860641
579.825073
138.988037
582.058960
198.208618
279.254364
365.102997
291.473785
653.096863
329.561707
691.229431
224.613266
95.604950
249.702072
184.369308
226.040771
219.999100
470.648132
369.409912
680.475708
505.083374
718.195923
699.450684
179.614075
829.266235
699.266907
830.070251
702.804626
140.981583
90.679115
154.280136
112.877998
227.058533
374.952972
278.659668
367.853485
351.039825
278.642365
380.892303
549.790833
467.748474
553.721497
490.328308
584.474426
44.360783
55.035534
51.609482
82.200233
60.650047
27.827826
69.528152
115.853882
75.395920
56.626709
103.315598
85.124565
114.754875
21.372326
158.701004
30.025848
311.726715
536.744385
321.112213
664.082703
498.168274
531.866272
568.432617
480.743652
590.520752
259.433319
639.516541
78.182091
651.906921
652.687439
655.321594
679.692688
186.665298
594.968323
256.790771
743.044800
388.911224
858.319946
400.954498
410.990570
661.739929
257.298920
716.214233
369.957001
746.779785
564.631409
911.650818
592.859436
122.335426
462.896454
161.815308
775.328064
322.742859
238.589584
451.639984
297.174927
529.871277
752.979614
537.649719
157.538330
701.679260
748.867126
799.579956
774.670044
22.965437
201.372009
28.441942
86.800400
31.582441
137.703903
62.081635
163.209274
113.175827
178.512512
176.379105
83.516884
188.303467
186.891144
208.964020
192.462997
131.772568
439.544647
191.048157
421.006714
195.543686
69.995834
231.017502
327.663177
315.419006
316.497925
401.210052
451.870575
499.294312
133.734253
541.781128
128.879089
94.081360
235.281784
112.570732
267.913910
123.275108
399.610138
308.363464
116.025322
401.880768
439.119019
462.863281
139.266785
520.196533
216.565353
575.405151
151.203796
171.317490
204.486816
180.908997
171.579636
349.253754
182.666916
351.705597
137.315445
392.461792
80.645393
420.912476
479.093750
530.351257
152.705032
545.201111
469.764374
127.415871
481.166565
165.424881
522.860718
418.802521
583.594849
507.505951
676.810181
562.216248
174.708618
722.827332
771.702820
841.531616
383.155792
856.650208
512.655701
77.126259
513.263611
174.909500
591.541626
206.442261
713.498657
344.442627
641.630066
483.570587
84.346748
525.291199
459.297882
574.073975
396.311462
644.182007
659.453796
52.304546
97.651863
72.340927
106.803185
91.045143
41.153065
107.436440
103.532646
108.177811
104.277878
125.156021
121.870041
132.067780
90.647430
138.975677
120.657593
5.423217
31.431335
12.322754
34.063908
17.034363
15.790167
18.975267
5.649068
20.548155
15.849654
27.631195
19.696175
30.717485
22.784481
33.300652
7.560733
117.521423
549.148438
190.992676
154.483734
607.525391
97.093475
628.353333
739.053589
692.330688
755.507996
712.705322
675.342957
761.054993
524.213501
777.109314
676.809753
80.600082
165.220093
158.078720
216.115509
158.367523
281.359314
160.861755
430.816162
269.793945
308.415131
404.771149
156.437790
405.020569
464.842712
472.587952
460.655029
87.864601
281.927734
110.889046
74.839348
186.860306
485.351013
194.735596
328.690857
225.635330
74.557419
600.736328
196.596344
642.913391
433.983032
645.901855
321.586151
104.791107
86.310410
110.857780
293.786438
193.761826
580.992859
230.097122
317.578156
579.136108
623.697083
596.472595
739.330933
718.475403
254.191116
726.830566
588.074219
63.156845
481.131470
102.505112
185.394714
131.690018
484.005524
274.809967
109.294556
276.003998
409.057800
324.724213
353.450958
470.704315
282.682373
483.936127
170.621750
48.361012
85.277359
48.511093
16.336592
50.576492
23.754879
55.464844
30.676470
69.822586
63.783615
75.711479
111.877419
82.997551
15.446825
115.379311
67.800072
141.561050
555.524597
197.250717
767.593567
281.446320
497.481873
354.100586
811.316101
483.677124
760.310181
529.416565
441.814636
693.325745
713.607056
767.862488
215.022110
89.992599
102.844505
137.897049
112.805252
169.583633
364.271973
192.385727
335.634796
203.285568
279.573944
221.212814
239.045090
325.853455
358.173126
345.912109
56.913208
90.687180
226.882080
118.229965
178.623779
129.564240
218.335480
181.828766
573.270203
362.893372
491.042450
486.301758
290.213806
486.602234
223.710495
522.507996
556.026733
121.290848
397.163788
502.486420
792.017212
503.950714
575.088806
540.078857
773.354126
655.624939
267.613739
698.302429
113.756393
780.968445
645.534607
790.792542
191.523697
110.760765
105.917480
189.046524
206.039963
197.123749
257.554199
210.013748
192.921158
219.692688
96.322441
237.456482
145.456970
258.904205
154.289291
275.417145
267.019562
298.078339
252.738907
306.789185
773.819763
378.755859
237.468033
386.240753
776.465271
409.383636
143.799515
455.518890
304.143677
640.231934
665.332031
736.029724
110.418678
299.667694
569.696106
421.915436
317.075378
444.025909
326.160858
532.664734
612.759766
537.342896
749.337463
685.665222
851.518372
713.808105
252.048935
761.426819
606.579712
161.094391
570.461853
323.195099
320.918335
359.173004
356.771149
557.877136
401.906158
630.483398
161.044342
645.094727
848.502502
703.865356
310.960602
708.744141
139.452606
9.697951
32.942596
11.166108
7.726828
11.603043
17.696245
29.017208
12.669388
30.592140
22.536243
38.855965
24.476460
48.822571
11.095861
49.127441
6.977998
76.554916
362.404480
117.710548
298.012177
171.112961
176.124481
226.110687
373.346008
249.669632
269.957397
254.810043
349.609802
305.199127
426.780640
524.271484
124.172340
95.624336
183.380692
110.943619
237.247772
140.033630
363.257568
211.216492
152.946884
248.561264
235.084900
303.848938
366.034760
326.770264
76.004890
355.821899
56.039902
149.304764
807.979004
241.970398
503.975494
370.680267
331.100037
445.894104
140.864029
502.447052
678.060059
533.632141
235.947815
766.664978
765.912170
828.305237
828.624573
162.525055
244.995148
180.789597
179.883118
188.369278
490.553894
290.261108
540.294373
307.869904
104.973427
469.473480
140.441742
556.630249
595.589478
701.550781
218.128723
112.915230
104.098915
117.008514
683.220215
183.150513
132.496094
377.719360
97.998344
409.501373
434.415314
594.880005
180.218292
618.790283
550.208069
644.058472
211.409927
187.983337
395.111389
329.072266
195.423523
443.855469
689.676453
460.188568
227.697113
589.852173
554.182434
607.284607
646.075745
639.754517
234.842834
680.685425
138.061371
104.802544
550.671204
331.579590
252.684845
572.140564
813.109558
587.488770
443.052429
691.117432
469.554718
710.161011
88.298126
722.675354
111.717171
740.222595
157.761780
67.364288
194.480759
86.655632
246.964813
129.459900
207.640152
145.408096
70.221321
156.819153
204.979279
185.551483
258.529388
274.921051
89.734398
278.895294
265.983246
160.654465
135.491760
233.709137
343.040253
439.200470
505.406250
704.299561
248.084244
734.906250
110.655182
791.754456
559.193726
802.266052
660.572144
825.296326
708.965820
248.826385
460.183960
259.357391
350.752197
311.766663
501.268127
342.092957
444.510345
407.585632
247.786514
529.495789
601.851562
549.877136
442.052460
628.094055
339.256958
108.839600
200.437073
109.872810
308.128662
157.141876
196.701645
282.159485
539.963623
337.276917
693.255310
454.585266
710.462097
468.771942
476.163330
614.354309
103.872276
80.082901
263.496460
369.603149
115.783295
433.027679
214.116669
527.403381
468.545410
571.303284
671.747437
611.773193
273.867645
633.895630
317.036896
716.093811
514.921387
112.376907
341.910156
323.692078
575.491882
406.920471
428.572510
457.833466
308.926056
484.347290
495.950439
509.107941
450.549866
515.668640
523.422119
648.472595
454.019958
118.780617
649.609741
183.172821
636.310303
209.006256
285.525818
385.391174
741.103088
401.632721
191.449097
509.582977
623.632751
598.947510
451.649109
785.235229
145.212036
109.244354
697.230957
197.390991
502.986237
363.412933
365.467194
419.228241
384.329102
430.316620
304.889740
502.496002
289.972961
539.426086
185.182114
568.676025
97.689110
117.500038
537.358765
370.574036
624.242859
382.513977
758.049561
489.092316
689.317749
513.500916
226.788010
573.266724
688.524658
665.812378
728.265747
771.928101
83.222260
189.978210
537.487854
197.129913
383.810394
239.114624
133.837341
250.157700
466.496704
270.708313
155.439697
331.182281
632.458313
340.500519
564.243652
548.888550
322.705414
51.448074
58.394672
55.039192
154.384018
58.785831
81.034737
73.833649
158.799866
111.186928
148.676880
117.063736
154.171951
123.147896
123.967918
145.698425
105.065063
66.656647
89.845329
237.575806
479.558990
300.850342
261.947906
412.000244
358.807068
429.137085
160.400040
448.296234
308.759674
464.010010
322.571014
540.286987
390.054871
174.435974
415.775879
187.549774
137.957626
195.423157
808.039551
651.082947
203.270996
721.202148
388.806976
760.901428
270.220398
902.724731
852.033386
924.657776
651.389709
120.337776
251.943527
134.757904
195.393082
220.336960
72.674835
268.635559
51.121155
314.885925
93.416275
365.056213
403.949341
390.470947
321.171906
419.205261
345.174072
23.190571
21.594002
23.487953
32.058914
26.503325
31.444212
27.149593
24.828672
28.345774
33.961174
32.558987
32.723461
42.420826
40.433838
50.682774
59.100891
101.219597
78.368263
102.777000
314.083405
112.744370
272.741486
154.699844
40.263824
182.393280
322.521698
224.424255
305.418610
266.672333
139.559998
286.418304
104.542053
98.103256
704.005005
145.477417
607.032288
208.564072
467.276184
257.405365
238.829590
329.555115
603.601135
388.926636
612.309265
411.217560
853.889038
692.031311
825.043335
155.718567
420.870605
194.282913
476.717804
205.190216
268.257141
523.923584
548.870422
559.044678
240.822250
694.975098
397.545410
718.478027
473.430084
736.338440
345.319153
101.741898
210.670273
115.036690
290.587311
123.240913
167.342743
195.398544
118.249191
197.144836
429.630798
239.912231
67.672951
344.606689
132.664246
347.308502
514.869080
82.234894
240.133148
101.135605
273.226410
112.030502
138.470093
170.687881
259.870422
183.489395
76.476158
247.263474
350.930420
269.734222
190.892090
285.561005
138.849472
18.181013
64.574821
18.398195
81.555222
39.373676
87.963432
63.075996
34.367767
64.202126
94.473526
78.399384
11.115899
89.363045
31.686510
93.795166
68.277634
13.936738
22.965454
17.828703
17.700043
22.127556
47.251640
32.664810
47.772713
33.488235
22.915598
35.948856
16.379669
49.165455
26.167480
56.794994
7.087201
84.018707
113.177864
139.486450
95.250526
139.732681
313.115570
181.705215
250.582962
188.921600
169.800995
289.070404
183.911804
301.836395
205.267410
319.186066
104.749268
182.573990
555.100098
222.436951
740.697083
224.143875
411.676727
357.804474
273.873688
458.159241
76.120102
565.112732
79.055183
636.324829
392.005463
754.456543
180.846237
49.604321
102.927132
99.534721
136.676254
119.391106
307.643097
132.045349
102.523270
152.197891
296.927399
325.547516
266.691833
336.963257
174.262039
446.637817
96.950020
131.457626
420.475983
134.946655
265.647736
185.357819
301.256989
281.358948
315.466827
311.385742
691.161133
314.980499
511.148438
355.368622
759.228882
633.158691
209.865601
91.344048
521.586975
94.408264
539.143616
103.080574
291.578064
244.150162
133.626373
468.974976
281.730164
606.749084
331.143066
617.502747
530.105103
686.341614
498.711365
120.607597
882.923584
392.960815
651.027588
454.582306
249.615692
555.776001
831.972717
609.381897
290.907379
646.577271
562.476746
740.893311
292.753235
800.845886
417.867340
96.443779
126.783516
105.234024
109.032578
115.655701
581.197754
169.785095
855.302429
238.305176
311.427338
402.933563
794.208984
475.398285
242.566376
784.712646
155.297028
236.176422
758.418945
245.818909
102.586136
247.533142
113.228600
417.764923
597.234436
565.949890
750.681091
596.282104
564.307068
652.637146
524.641907
747.085999
707.873169
288.793213
684.058228
416.541595
559.468811
488.072113
837.988098
564.796082
808.460327
680.738708
492.194763
726.676758
826.423279
744.131042
113.420265
760.246826
318.401276
7.397423
36.143677
8.718337
30.547901
20.132341
53.101727
29.868475
13.465693
37.395615
8.580382
43.734619
52.905140
52.096382
23.132851
57.295540
18.701065
7.610297
17.593637
7.955177
2.696627
8.749871
14.472226
10.630973
14.900353
13.254302
12.496685
14.593249
13.075216
15.310292
15.751712
19.659422
23.025679
221.115112
679.930908
257.426575
308.562744
260.564301
513.925964
280.686829
523.384644
327.480164
575.430298
436.891998
494.826630
731.931091
708.898254
736.001099
279.800049
93.909828
350.178375
97.266998
295.573334
102.944984
132.400467
202.871765
443.755737
247.405304
220.226852
318.883759
175.664124
328.780090
182.057327
391.588287
291.792877
194.367188
141.112213
197.957123
367.742889
450.802063
364.824432
502.868988
185.611877
573.892822
175.332794
828.184082
452.454956
850.575989
607.183655
853.623535
357.747894
241.209793
435.759888
243.265579
246.887695
268.538818
236.967667
297.842072
110.585152
313.962128
511.155396
332.839569
588.688293
359.418060
344.358551
551.259766
241.650314
81.590340
63.431702
95.257858
116.034752
105.254822
47.377686
137.588348
129.589523
158.465454
76.190979
169.189011
93.729507
186.533371
32.282024
198.465820
130.391281
27.851229
160.134308
28.064062
58.889439
33.562260
165.845337
84.117294
167.455780
95.362000
49.397068
112.438339
190.952591
132.267319
219.245255
212.924103
135.701035
145.133896
464.867859
217.602554
628.464966
313.655884
112.009537
429.664124
336.164398
473.604950
424.648041
489.838806
370.839203
655.788940
449.564270
663.668762
572.211914
103.479362
464.925934
215.212631
732.510437
327.786011
584.983826
454.081024
402.656738
491.274536
785.309448
575.360901
716.574036
615.914795
646.056519
663.494995
700.713928
120.155998
317.068481
133.875824
244.990341
236.426605
251.627243
286.042755
244.062607
322.331604
118.229156
466.916077
290.770660
495.622437
593.106323
573.713013
66.793198
131.278168
129.476624
325.108276
418.077698
371.288513
874.805298
400.975800
240.715164
568.112732
320.667877
581.180176
686.709656
719.264160
553.979553
901.599976
695.666565
187.139572
798.993774
188.200134
344.234894
203.821289
87.424927
511.825317
277.176636
552.016113
257.070190
552.435913
608.269897
732.996094
353.382202
739.425720
443.529724
126.377464
623.665283
250.147675
478.408447
318.133759
367.829559
472.497711
596.648438
539.240784
265.571381
539.443726
511.665802
660.956177
147.838745
684.903503
807.253113
133.085419
364.029144
187.168167
228.191818
219.298096
332.439606
244.988541
314.291931
358.782990
154.002518
453.574158
503.716675
483.452515
551.742676
600.151489
546.136292
64.610992
65.300819
119.668144
388.731049
202.088593
273.213074
219.708038
59.121086
380.539307
493.657227
433.081421
189.484802
457.297394
423.725586
514.323425
198.596329
23.611008
29.072025
62.799374
30.697750
89.520622
67.995888
98.429855
31.262239
99.713661
35.333004
109.251892
35.965229
113.812958
42.268139
115.877373
59.847908
147.315750
435.009186
342.346558
176.146393
400.089600
136.649841
464.146332
436.745972
518.436218
273.631165
613.571228
430.003174
669.414001
303.871674
689.785461
99.217003
6.924007
17.600176
10.337650
34.682243
13.786904
30.906561
24.743999
16.924568
25.396854
27.034929
27.522593
13.264620
29.611731
35.064064
29.936180
30.498032
18.141270
13.194757
22.933468
16.567251
35.727627
99.712456
60.123508
20.102480
67.996407
70.670273
85.215210
98.576134
93.309761
45.342888
97.187294
81.963364
11.586827
48.743176
11.614223
30.648472
16.940460
35.230164
18.458559
21.992731
25.251326
18.037939
41.157516
40.517723
42.021317
24.405251
44.527309
26.187647
9.301045
41.971561
17.081490
6.214955
23.225811
42.455307
24.612461
21.849289
34.457050
42.632595
41.708160
29.486635
42.922588
29.134590
42.998569
7.215371
105.654694
353.670074
317.047943
640.005676
398.160004
680.891907
437.876434
662.288391
449.366852
631.609558
536.252380
354.481384
554.723877
148.993713
587.779968
398.178894
40.553951
52.528744
64.776520
305.928497
112.593803
254.180283
130.446808
315.792236
135.988327
183.450729
166.989944
255.508789
188.473602
237.391907
220.457947
89.090088
39.050156
45.350597
53.784809
236.272629
128.583160
153.668549
175.169189
91.571945
183.448227
144.978287
187.925262
68.053917
260.551056
38.002666
279.359283
147.313797
10.984120
87.673309
11.893584
75.869881
12.898653
35.078800
28.371807
86.812874
33.693768
39.677605
54.086857
87.719887
58.884220
41.945137
68.201942
28.190405
40.340187
161.672089
59.892467
174.691544
67.307961
93.500832
87.532509
157.797546
98.211853
36.106426
100.367226
96.123199
175.497238
159.763046
176.508209
46.636948
54.089542
207.821320
64.289352
90.122032
69.397797
187.823196
138.635178
178.340973
197.835068
43.770142
220.712036
77.812210
227.024979
184.269501
248.295929
54.952343
237.422012
260.973633
239.555527
163.578690
296.318878
142.587280
309.570374
94.037956
309.842987
277.164642
327.077057
189.500900
392.066284
169.528824
395.728821
192.037415
77.681252
362.732269
132.455231
481.214874
171.949417
270.813538
204.155289
311.919739
297.017242
352.168488
407.113953
313.617493
580.936401
569.652344
587.555969
270.916412
110.050819
402.908783
314.665009
282.425293
372.871002
326.609497
459.764526
332.799866
484.567505
242.811157
580.621948
204.526489
663.838623
295.179932
707.628174
523.143005
190.863068
517.553223
207.342819
321.527954
327.375031
504.760468
396.981018
270.226593
404.112946
280.915161
432.528870
217.770691
446.550629
261.865662
605.277649
388.564240
48.949665
127.549858
115.899994
152.691727
165.171646
87.678192
214.304962
161.654846
222.234146
230.265274
231.095337
137.066345
243.000031
190.335358
248.096848
99.917831
196.665237
689.926636
220.994186
441.087280
238.912430
516.565918
349.797119
512.080688
566.492310
552.289124
598.840332
282.246948
603.348206
576.278259
712.488647
645.889893
130.874878
481.392639
155.074310
568.604553
322.800232
304.863770
384.821075
335.221802
500.007568
507.940674
556.113403
89.156517
591.359985
237.310638
598.266663
310.935364
341.017334
640.220215
381.956360
384.361084
419.825958
709.996460
511.322906
298.983490
571.734375
701.882935
642.527222
394.097321
644.716858
613.983276
701.609192
110.847748
129.689148
204.052338
147.797836
344.061432
187.323364
265.904053
202.233627
401.601562
203.550613
523.031616
238.874298
89.332672
282.272430
106.829887
556.113281
529.224609
40.603947
88.754852
64.783989
46.604408
75.622787
14.700079
82.165573
92.063049
93.628044
84.319389
115.390862
41.882290
120.573959
115.464462
135.654526
40.332783
14.653621
53.419914
15.629301
10.721005
23.782616
78.638123
28.723524
53.523190
29.922062
67.769753
43.573429
92.251434
44.940468
10.922120
52.968765
47.707161
157.615433
77.137329
227.658813
382.475555
287.454224
306.456146
308.393707
76.016823
320.789307
49.894997
380.432983
410.850067
417.794891
227.810547
419.942535
328.037598
338.356537
305.276398
377.613861
855.236633
409.119873
179.371552
461.637878
132.672989
479.668579
832.960571
620.455933
338.070343
727.853027
110.683167
811.805542
395.620697
48.309937
77.979836
89.300949
327.315460
121.625999
103.175522
155.611923
148.674637
182.796158
261.309540
204.421509
251.287750
258.676971
375.119476
343.438446
47.259174
118.484642
161.564133
185.682861
417.606506
206.583023
126.200989
556.232483
265.714172
574.326721
277.123627
599.600830
226.761063
616.023865
187.498474
685.532837
112.955284
38.634895
261.850006
45.103455
186.929489
72.682121
188.883362
78.934509
171.456497
108.483673
36.306881
108.940964
69.630760
154.752991
51.887955
281.114349
66.346596
37.781296
40.550476
74.816971
277.748688
144.768524
115.615669
152.320068
266.383148
176.962372
223.172028
198.342834
277.536316
208.519150
159.616776
227.478699
146.085159
39.832062
31.807089
41.653709
51.296940
63.517887
32.112171
91.032715
138.934937
106.636086
99.535202
109.669220
28.689951
135.994659
27.045164
158.986313
159.746811
125.832146
417.554047
233.825165
534.944641
473.800842
394.853119
505.621796
213.939545
619.106689
507.525116
647.676147
618.155029
660.781189
717.821045
719.407104
238.642914
150.210007
195.723236
150.736786
80.928780
228.614960
739.816895
389.027985
171.660217
442.779938
119.046097
607.301819
124.756325
659.452332
754.292664
750.942383
264.646271
137.280777
537.293396
207.866379
653.082764
219.399841
330.042511
408.813141
513.854431
489.051300
283.970673
606.266785
686.690979
636.381958
662.363220
697.583679
178.557343
63.512211
214.998795
99.733192
106.429398
116.072731
105.513847
192.511032
30.158165
196.935074
202.815979
197.549896
34.896297
235.027252
225.470795
241.349213
119.420837
144.673447
155.505814
207.417114
463.140228
337.430328
655.229370
415.754791
222.997925
441.945404
257.893982
731.204346
227.400116
801.491089
267.465057
841.259277
457.179962
165.404938
584.204285
261.125977
218.471710
266.015106
626.039307
317.469788
906.569092
469.693207
706.828735
475.322296
321.381073
527.728394
130.996109
792.956543
718.509766
102.520592
519.723389
176.490036
580.764221
225.260193
192.626129
273.142120
371.899628
362.458130
329.676025
400.915009
69.754944
462.893402
177.773026
484.720734
215.818680
124.262756
197.509995
207.671326
381.270599
244.961258
854.878906
276.040161
138.826538
300.313141
188.490921
310.545837
260.619690
814.780945
500.398499
848.072998
201.650681
13.794505
74.392044
20.640314
18.992468
24.323561
92.192924
36.855473
57.753830
46.869762
93.482796
55.106033
21.252710
59.685684
17.187826
96.133553
66.433861
128.052124
115.366684
137.453384
452.082214
203.512894
767.889282
302.138367
422.524628
321.066254
109.324814
323.623383
696.840881
343.077728
588.613586
890.055542
522.052612
22.655436
102.256889
47.699123
119.367699
51.118122
56.699196
66.636040
47.430344
79.900970
74.122269
84.987968
63.489765
86.766640
142.941025
138.174179
14.619797
30.927937
64.006935
82.571335
236.672684
128.675735
132.974854
131.822586
181.100784
152.260269
210.204102
159.571472
219.489670
201.444138
137.449173
236.537918
120.360497
41.209778
152.364594
41.736694
107.799759
68.026779
141.640274
69.638527
31.762455
162.376022
33.082848
184.859909
33.275017
201.696472
75.422226
216.363388
32.196388
72.526840
120.356529
102.027054
625.321594
178.412964
318.381683
255.152863
413.215027
301.940216
445.527618
302.962891
86.136269
439.942230
411.012360
613.324890
227.737320
15.638626
84.026192
35.908680
54.209576
42.314850
59.809273
47.182167
84.276962
51.177475
92.871719
74.790245
69.355835
92.478455
25.586996
94.048653
100.736946
87.375183
508.450867
134.818527
266.235291
373.133881
622.014587
466.024689
182.609772
546.482483
525.205261
555.161804
546.226135
585.447876
642.980469
652.428894
124.546150
51.814190
197.107376
91.602463
175.675217
116.505486
40.458740
132.145004
62.215004
148.550598
165.516006
185.722458
195.198105
192.510986
26.392597
193.259369
176.011108
292.274506
602.782166
430.130737
714.440979
481.133728
506.029114
482.413300
675.088745
620.516479
411.453583
634.052917
182.972748
715.159363
194.690857
725.373413
762.188965
88.472054
81.277771
98.727974
121.736862
116.905754
72.046272
126.626183
174.361038
158.942230
204.424515
168.744141
197.113831
194.517822
60.183861
210.128723
90.753731
65.654152
85.702522
94.093193
147.848175
142.263992
441.795044
173.408768
174.876770
179.986023
155.677536
248.377884
167.248901
492.340576
277.637299
510.114960
258.812256
4.958268
21.100780
6.472949
3.672901
8.497216
3.291381
13.192793
21.059210
13.740600
10.780971
15.764196
3.447610
16.012955
4.350786
23.743258
8.174701
137.565460
484.304260
309.862427
455.633362
393.458740
270.032654
490.304535
297.346039
519.437012
271.797455
759.230042
636.184082
831.640381
397.504181
863.487915
210.383057
74.491234
298.618530
157.694214
53.432842
172.350266
167.826691
195.688690
154.328888
221.434830
148.637924
256.237274
301.509613
262.420715
60.610386
298.016602
293.401825
118.261780
831.810181
354.868713
706.063599
502.859985
269.399750
598.277344
206.078644
657.919189
106.836868
663.268616
871.168030
671.062683
216.777405
802.521729
294.621674
91.315842
106.322578
100.045723
150.556381
109.893898
160.815796
185.006943
101.770058
187.351746
237.992279
227.523636
117.822937
231.967941
184.386475
250.365616
110.608154
13.222270
27.054043
23.328115
77.459671
24.687696
46.238743
31.388971
28.040581
43.461151
73.500031
56.953590
40.800419
60.515469
39.308250
75.061867
74.162964
11.785385
64.328857
34.391514
67.422577
44.235397
51.815269
46.960068
27.829794
66.100815
39.848705
70.971718
69.945709
89.267052
35.208126
91.384499
66.412277
21.877762
109.516426
36.642403
137.284958
63.646843
121.666046
69.413170
110.655449
89.184784
94.467026
107.931274
64.230598
126.853371
112.762650
163.112411
152.139771
98.681580
629.019348
142.782578
110.490402
210.611603
334.836060
230.918365
436.436127
314.794159
613.723022
434.052277
312.299957
580.812805
439.040680
614.583862
453.233337
12.186944
83.638817
43.403160
57.865761
60.535927
47.194733
74.147034
110.317993
74.754326
21.646597
76.727226
30.245113
94.766121
39.508762
103.011185
94.852875
198.355774
138.207397
228.061890
243.098984
245.839203
186.508789
294.481415
202.622879
307.350891
297.944183
432.105621
491.313354
450.346466
407.934479
464.524689
237.332260
84.911682
526.295288
272.614319
291.214020
274.195374
175.831802
433.278931
562.482178
564.720520
329.887939
566.408203
622.900146
600.090210
607.515869
641.499878
100.153862
7.749238
41.319302
9.777367
39.363319
12.693018
24.767887
13.654976
31.616116
22.258780
36.011353
25.491648
32.031818
34.758514
33.920235
34.909679
29.125330
151.168671
698.778076
382.676880
390.194550
397.532623
884.102722
594.634033
693.877502
611.311462
837.585510
671.735046
786.988831
713.890381
269.706635
781.805969
815.827942
61.440884
354.329498
99.843292
454.684235
185.399048
181.438385
343.009491
227.548035
359.240204
130.525085
426.865906
442.079681
447.980530
81.311119
471.102264
188.677307
57.626038
131.031830
60.642048
65.444664
62.813396
63.153915
81.891212
110.742310
93.309593
47.945618
131.230835
49.418243
145.063797
120.064522
154.315247
37.022530
164.382599
446.859344
257.606171
135.724411
327.289978
794.836792
328.277313
862.468079
416.512329
666.927246
476.089142
136.477890
665.654114
336.461639
894.140198
292.993713
186.798767
752.957703
262.959442
577.601257
270.972687
172.290848
530.783447
538.703186
667.802612
718.428406
804.190979
782.417419
837.972656
168.412735
838.486633
588.231018
147.380432
720.651306
184.841248
286.391663
228.370010
415.047241
479.763702
522.490112
509.526733
862.872009
567.272583
153.924789
733.765076
165.910248
753.999939
122.582069
129.884552
355.436707
298.312531
730.077087
397.013702
170.425049
548.834473
266.794128
615.334045
554.417297
636.110779
769.887390
657.759094
138.506180
757.331848
796.058472
139.147034
795.901245
315.048492
637.233398
444.336029
347.186157
550.114624
373.999237
573.100647
204.848602
679.378418
193.462540
729.605408
237.960861
832.436462
201.211716
64.868759
102.978920
193.964935
351.799316
201.042709
102.271141
288.868134
69.249657
305.159241
440.100677
313.579346
226.583725
375.717316
168.948669
377.450165
139.026764
468.674500
529.152588
535.315125
868.942444
708.366211
902.300232
709.838257
343.027832
763.979126
96.325233
814.452332
640.602844
829.596802
357.448761
843.942871
707.692566
44.725536
302.876465
108.370941
252.883713
146.651871
70.926567
192.205292
164.732697
273.072662
382.751099
283.167145
113.524147
285.821808
254.367203
353.047699
293.217010
141.312622
826.715881
236.207840
729.979309
490.653564
729.642151
677.591125
942.618225
698.338928
715.533691
783.093689
437.098328
840.902222
305.479523
870.753113
804.308289
44.128445
21.733997
59.026073
109.266434
69.603432
127.323914
86.391960
30.629164
87.180878
143.757629
110.819229
149.275894
118.466316
106.398773
119.802048
35.692436
27.522951
60.496452
28.501093
21.299305
40.199383
9.800588
41.460865
79.544357
66.803871
15.659587
70.263092
35.796509
79.391602
69.910767
83.257355
20.776972
104.332214
213.541275
178.785965
250.989731
188.740402
109.675903
206.544189
89.289764
214.606598
38.026108
238.836456
293.841553
240.396088
133.394409
267.233887
103.616310
36.328510
50.260475
54.760204
119.677238
64.239868
64.933502
117.068703
51.541031
120.868866
90.064400
125.919945
166.026230
200.891708
151.839325
203.079330
65.318855
102.415070
426.820953
209.060303
597.457092
304.248413
330.750092
353.044525
213.098480
484.482239
528.094482
562.710022
380.128448
633.669128
391.303833
665.880554
345.249908
235.075790
161.257263
289.523621
274.772430
341.231018
497.997528
364.422638
486.519165
432.760345
242.169510
452.318970
160.756165
487.724945
493.988708
535.360901
257.656677
136.658493
438.903442
311.792999
230.535278
312.431610
296.236267
452.391052
579.986877
469.659271
253.959778
495.459412
413.154388
651.282104
103.935730
766.131104
870.889954
42.665779
78.464455
65.038803
278.212402
100.055840
161.160950
134.429184
245.209198
157.565445
172.140549
208.555328
200.610291
259.664764
89.379692
326.986115
257.752075
110.385849
298.791077
212.310394
288.387573
235.451370
701.746887
333.502533
431.504028
357.835297
886.924255
459.014984
542.714783
557.811035
688.190002
588.574585
651.219116
83.947693
309.389435
110.559311
305.885864
152.291611
179.077911
165.063629
134.676697
230.787140
205.165451
275.479523
330.663208
332.216034
223.285034
345.648010
88.305321
119.799881
685.284607
155.472641
818.094788
177.510803
91.053398
449.815308
643.169922
471.659729
291.503784
554.193848
322.429871
675.767029
583.376221
719.601135
486.577850
92.163155
669.268433
123.655029
89.404045
228.120514
485.145599
235.803207
93.399994
636.658630
863.833008
639.869629
657.970337
696.597839
100.606972
861.953979
336.486816
81.589684
33.193108
103.297859
73.018661
128.422455
34.517178
155.574005
47.572594
169.386810
145.608078
174.476028
46.597252
194.593140
135.266190
197.235825
184.273041
258.237518
651.043945
272.905365
96.449997
273.856934
236.746292
560.762268
780.687439
578.725769
689.686340
689.268616
585.038513
696.672119
424.945251
749.425415
579.282776
33.280613
158.261246
34.280830
133.255814
42.608219
32.364136
54.703869
62.905651
120.229729
98.522690
132.660339
161.871338
159.024200
138.740723
161.834106
59.746826
31.020033
77.987404
32.657921
183.858444
53.797070
46.533398
114.179771
188.235275
117.948555
93.007759
118.655205
141.163818
178.873566
180.144440
193.855576
88.477547
173.982193
571.448853
188.217346
953.137085
413.984131
276.315613
614.393738
474.995728
707.866760
525.417419
851.628479
802.989502
877.251770
192.421371
878.023376
705.072998
44.611099
125.369164
84.012184
24.132055
122.094322
26.808550
142.463989
183.949646
145.327057
200.407516
199.474609
31.280098
207.703537
106.948967
215.585037
133.237808
313.594666
688.128784
349.298157
867.952148
570.179260
585.144958
581.775696
633.071716
585.301636
820.443237
643.571228
198.256973
782.075684
640.802673
935.415283
153.621078
270.779663
641.876648
349.441833
728.635071
367.889557
448.761871
570.453735
713.547668
626.338135
549.841003
757.231323
287.445740
769.747803
107.005333
811.469421
714.404602
70.008163
319.683472
137.747406
354.283295
182.619812
212.863434
214.423676
349.952057
279.466827
212.601318
280.402954
273.413116
371.458374
239.162781
409.340912
74.813698
114.499146
125.620598
137.029984
199.991592
175.409210
166.231308
176.356995
226.697479
290.270935
381.162140
356.399811
127.168243
367.473267
401.893402
371.984253
419.169464
51.520031
127.289474
135.300507
48.809322
163.152802
325.413422
165.705154
162.342392
289.382416
190.082901
303.336517
57.155697
305.125031
259.639130
307.723938
85.045258
37.687386
168.967865
144.428299
259.970734
166.874542
102.466507
211.605240
229.398575
225.602020
71.532761
233.052383
326.843201
272.892303
86.452515
302.360718
87.575302
61.064018
184.440735
75.541496
118.374420
82.845970
101.830238
122.344818
32.592876
166.660721
23.337387
171.498825
176.636673
183.914841
120.514755
191.214066
121.929375
52.909866
203.145691
72.852592
120.863205
100.264473
341.001648
138.125656
78.053818
195.179855
201.814926
201.074570
288.998749
270.771027
331.161499
294.977814
227.924149
262.062653
469.953979
354.259918
386.366943
416.344086
294.396271
532.808533
764.264648
556.237366
339.282684
574.160217
519.825256
615.375977
234.124786
675.670105
365.294586
178.640915
213.988251
198.038132
575.426941
235.177170
373.625763
527.167603
462.315430
614.416077
585.612427
674.827881
421.729309
685.772949
399.255005
690.115845
231.710602
95.598724
251.477478
107.063393
483.622467
125.220634
388.820740
210.158112
493.719543
239.008926
246.865433
259.232147
482.502197
322.724304
435.799683
448.922943
207.553833
8.938566
53.666504
13.100825
25.208422
19.647121
42.992817
20.133081
37.156937
35.919155
14.770087
44.258930
10.546810
48.229420
10.723325
65.338264
59.811829
12.655239
31.947817
13.948758
36.317402
23.382215
9.575039
23.737623
43.892548
26.129049
35.193321
34.089905
47.022339
45.195709
33.518223
48.917847
5.523666
10.397951
45.251694
17.899040
73.571594
18.432013
74.736237
24.693886
57.273174
41.705128
18.113983
42.453041
44.784519
51.465313
65.723961
77.495407
46.076374
215.470596
354.457642
227.208817
434.441681
248.288345
527.969788
259.599731
207.262054
340.273285
126.637749
361.910980
81.293755
510.846802
580.274658
559.490601
494.380463
116.567154
187.288925
176.267014
400.310059
210.214508
688.202393
457.157196
416.700287
491.052795
264.986908
534.907043
501.218903
723.135376
180.390503
807.783630
875.445190
65.163643
131.634064
77.278595
73.385223
172.954330
182.268082
196.476349
199.226990
252.601532
135.588104
273.200989
325.918213
281.897858
76.823524
331.743103
322.257446
398.884644
247.454575
429.066895
431.981384
549.672485
691.173523
587.783203
257.605896
640.960327
142.434097
794.390991
673.093811
887.531189
298.211182
895.459595
843.863220
234.979752
354.391876
276.201538
395.843567
329.677216
282.983704
351.495087
548.706726
414.442810
268.545746
486.034912
349.242035
532.958313
408.764191
559.788086
159.157425
130.838257
165.420410
149.410629
275.738281
266.147644
121.222229
432.233368
648.048401
516.620972
137.637970
645.942505
344.090698
690.724243
614.607971
738.728271
413.762482
99.397095
784.412659
141.208725
393.353851
266.343536
776.260376
464.673706
537.619019
586.757690
544.020752
671.106140
653.151123
704.815491
313.681702
720.169800
282.748108
60.036243
387.388763
134.669128
138.337250
216.209518
358.980621
219.131317
80.107727
271.183777
69.119225
421.449951
355.328369
492.017700
370.540771
576.479919
517.996277
77.603882
326.015228
87.278381
88.469086
89.404640
547.146606
93.635910
735.108276
225.953262
313.108795
611.721191
328.205261
612.018860
108.370911
703.065491
602.578247
45.579418
50.443340
46.799030
161.568176
76.234215
82.811394
84.989273
79.762375
114.680962
73.165833
153.064789
42.244850
154.874847
111.927162
171.271820
145.548706
223.221283
92.555969
244.425659
508.252106
399.007324
284.063507
486.359894
242.932114
488.167877
233.224091
553.588989
163.440277
650.826477
190.029266
675.607483
671.539551
50.219639
171.286301
57.964920
114.780518
86.480202
147.038834
103.639954
138.610703
110.854134
220.843460
181.402588
222.367233
191.525208
35.247532
218.093094
88.541397
5.093957
25.147400
9.694282
40.982323
15.281223
19.035040
18.648567
32.739101
23.874722
22.289127
24.738743
7.458337
32.569801
10.217364
39.992203
35.677940
77.123421
366.337585
109.352982
60.196198
201.892670
181.431717
286.749634
142.655289
318.458618
202.965408
411.913300
151.899780
466.339111
303.140503
497.401276
242.073135
41.788826
74.608696
43.267971
301.410950
74.244270
199.682205
137.686737
177.323532
263.274719
288.827484
304.572906
219.597076
311.529175
199.585739
311.679230
129.444260
173.469574
807.293701
326.065643
200.842361
367.903534
497.825348
392.953461
630.386780
409.239899
362.149170
427.585205
345.466827
824.530396
404.013458
882.337891
662.510864
51.859871
133.920792
73.409409
77.997131
129.918732
73.664696
140.858688
29.634571
148.539932
79.799179
200.056091
38.569744
240.880066
178.821915
264.254181
237.914185
255.536133
697.520020
396.792419
493.542145
447.228973
379.130066
482.489899
148.903137
496.666534
454.561707
499.025787
99.380539
557.964050
247.820801
562.002380
575.923950
21.801960
139.886398
41.937798
136.296692
76.478935
55.795120
88.065407
42.495064
103.882439
131.290588
143.392532
103.901016
149.401703
45.950108
155.828827
19.015635
45.945267
260.482971
73.220856
174.837784
94.524918
123.886337
109.621956
192.508469
111.337715
37.046844
124.861969
153.693527
184.165146
228.076920
249.557602
258.800842
8.098123
3.265738
8.104031
7.828548
12.059746
11.569344
15.426093
8.217030
20.366306
17.982981
24.211237
9.146874
25.327198
21.402502
26.848627
24.708286
253.942261
186.907166
332.942291
216.479935
390.624878
293.564209
410.200714
531.696350
435.593597
248.194901
483.453400
547.562561
493.641907
278.812653
520.532593
97.805710
133.106735
304.670441
341.389404
357.818207
413.772614
218.271851
425.106506
258.101379
458.732788
469.709137
501.833771
408.892242
517.994385
641.916443
581.117371
360.106445
146.619019
200.245605
305.839478
489.824188
407.636963
818.648438
613.796387
365.248566
797.403992
540.836060
808.290222
778.170837
823.978455
804.242432
826.844543
308.378754
44.718678
153.612549
53.814060
172.440094
54.345543
134.825119
73.458878
82.674599
107.523941
66.880524
143.494308
62.448151
154.590271
96.834106
174.445679
106.340637
111.286713
173.294220
174.709915
115.966835
316.129700
94.564835
348.440887
297.325897
371.308533
236.117844
494.940491
213.200211
551.485107
523.520935
584.012817
97.929199
16.404417
82.772179
17.371161
22.830805
30.135452
66.956909
42.771938
24.610268
69.037865
49.172108
81.068092
47.507343
104.250275
112.685516
113.068939
68.798637
115.168610
326.403564
205.701904
205.969254
221.559998
170.707138
278.660400
151.500122
286.807556
427.996704
288.664948
210.528275
469.239044
63.457417
489.881287
460.880829
9.641942
69.276428
37.679317
69.565659
43.099018
44.774319
51.366505
80.316063
57.402485
28.050230
63.151459
13.455310
73.129845
13.953673
79.443924
65.505333
3.362751
17.446383
5.027519
12.535634
5.053599
14.765466
6.411203
10.578675
9.676987
13.282291
9.812698
9.221071
14.632169
3.837986
15.299621
16.281481
111.429832
556.743958
157.003937
246.154724
203.219406
394.201843
261.694275
231.274887
337.083038
89.659813
340.070007
112.511002
614.907288
457.734375
615.988464
303.530090
156.640213
628.895935
303.564240
894.483215
308.198883
210.551422
333.955872
191.533340
425.370514
343.065369
934.596985
427.900940
937.340515
904.578247
966.187256
211.643494
104.466568
522.516052
147.425598
758.233398
157.201691
491.399750
445.143311
95.294235
557.254761
186.019073
619.440918
238.103989
664.095093
410.961853
690.822571
249.226898
73.767105
184.253098
115.601257
119.014091
177.930374
415.409729
240.295425
245.935577
284.967621
204.909729
392.310211
107.158989
445.245056
184.217178
635.950623
233.811035
23.166765
133.448318
58.457077
73.760300
99.928802
91.085724
110.865135
26.653711
111.209457
124.364761
135.055145
126.162888
167.459717
59.845299
190.414536
181.227142
115.040558
84.242477
115.532944
345.001678
317.872681
400.117371
386.092255
250.431396
466.843872
517.512207
497.721375
490.287903
520.958923
466.955078
555.950256
536.524719
30.524044
18.225189
36.203003
77.118919
49.179775
24.600590
50.324459
129.166779
79.023018
128.014694
91.929405
95.481995
103.020599
119.572189
103.631836
119.816689
141.116974
742.788269
250.320984
706.002197
293.024689
621.350220
559.571472
280.685730
622.861084
104.939468
647.874756
230.553467
667.558350
443.673370
691.354919
317.975433
88.778137
153.021408
170.901855
295.287537
223.260452
228.313629
229.722687
82.918404
231.598190
131.069275
235.660156
84.424637
284.578705
116.094398
297.648926
147.326874
113.740372
155.177582
163.244705
73.267075
179.424835
231.247177
194.182037
368.112762
235.240570
65.934380
244.501114
78.339149
268.610687
167.157776
313.260956
297.941467
164.480728
531.982666
297.664459
521.433838
353.841766
673.643860
421.373444
570.936646
442.739594
240.969315
448.627777
79.898308
466.925201
236.212753
596.694946
270.103241
121.064308
683.914185
239.934784
231.081009
245.218811
289.951538
311.289337
498.791687
367.437195
625.225159
490.583282
455.228699
558.166443
141.313034
650.213379
596.203369
145.460724
393.436340
172.209412
73.154198
194.448227
141.031860
203.873062
424.816437
208.761002
52.738232
460.112274
283.552032
466.958099
421.751343
483.930908
292.247711
113.281273
252.089905
122.411987
680.146606
146.021408
671.059326
171.761337
767.997131
179.413742
626.536255
477.162079
132.303604
731.626465
643.341125
769.301514
323.918213
56.291164
105.888405
56.733627
140.727219
58.123043
73.232956
61.402233
20.133228
69.341766
40.565109
72.951767
48.231716
101.691208
143.923706
139.271637
95.992943
106.199883
168.382904
178.215332
413.008392
189.366547
395.580444
208.864456
586.820374
404.928772
504.237976
489.547760
212.887573
537.057251
269.945709
600.041565
489.097046
147.942505
174.797226
258.768188
642.769714
387.825958
655.175049
397.599884
760.808350
434.768890
104.382858
494.798492
849.313843
518.763367
538.593079
853.613403
699.181091
83.566238
267.133514
162.752991
566.320557
186.589142
300.383942
426.352753
469.507080
585.594238
401.247986
596.032288
197.405533
683.943359
727.431519
754.650574
325.065796
31.819113
74.659523
73.799652
35.787373
80.426598
64.069260
86.880585
125.451286
113.620628
60.041698
143.864410
161.056915
146.582397
144.694626
160.602264
60.847210
167.697784
380.641357
229.027283
234.682404
245.006271
480.548401
289.633453
342.940582
382.088013
555.380066
454.837341
777.748779
552.727844
329.482300
746.229187
83.375198
113.007103
200.851242
252.782562
116.490448
437.130157
282.023041
437.620758
470.172882
448.610474
224.351578
460.336121
340.430450
719.600220
565.376221
835.605469
810.559753
207.194931
252.530151
346.578583
758.975281
369.153015
142.593414
583.435303
794.898682
633.919067
99.797531
638.019287
274.545441
788.701782
726.942444
820.152222
529.084290
82.359085
504.171234
129.117752
472.970001
164.100403
523.061157
284.398621
156.761993
370.370331
376.828125
414.038208
602.281555
481.240845
124.265762
484.556091
274.142120
7.387989
21.540211
9.201850
16.796997
10.077180
17.823219
12.146214
15.119808
18.918171
17.957520
19.633129
23.719847
22.185650
15.123758
23.098110
19.306067
1.690678
1.951092
2.204256
7.349803
4.536830
3.247307
5.440751
4.481067
6.501088
7.931692
7.322201
7.979370
7.398596
5.154129
8.643788
2.410580
38.840153
93.778969
51.999779
65.938324
92.858841
138.632843
94.544220
20.269093
95.751320
158.884720
106.018463
126.744080
130.392700
73.445091
140.386536
93.218689
361.882416
423.480286
384.489197
617.808960
534.701111
670.386536
566.574463
473.707611
587.547241
552.607483
648.205017
797.387329
680.414062
652.771118
712.757446
430.821899
126.838188
656.569641
127.146400
625.653015
395.224701
538.854187
405.135101
394.513428
514.765747
292.564484
615.718933
416.396881
665.958435
656.119141
770.207153
358.096313
96.461349
470.220123
225.666992
550.134216
246.289978
485.211212
311.410004
508.494171
372.260956
387.958069
539.724182
120.647385
547.474243
205.290298
550.298401
256.831329
41.038757
39.401955
58.785141
127.918510
68.002922
225.833755
103.788597
82.596313
112.911613
83.216576
191.193848
179.443329
231.140442
237.549820
298.912689
47.370598
31.232971
127.240639
80.366570
169.182159
102.120033
157.633469
130.497009
89.855095
186.261505
169.713806
205.452698
262.310028
226.659744
61.537193
247.357300
178.367935
4.186955
13.150592
5.149147
7.142914
7.550612
20.602131
8.628634
16.232702
11.414862
19.075125
11.425183
20.450748
14.704549
13.421244
18.417416
8.253620
179.514938
353.955109
293.952484
369.238586
322.057220
383.146759
382.969299
500.845062
390.644318
113.523140
465.109680
543.390381
664.016724
548.913696
685.688660
691.677795
86.870262
148.212845
118.002083
520.560425
323.987885
279.224365
340.235382
227.479233
342.943298
160.002411
392.312103
69.812233
597.045227
437.775604
638.824524
453.102020
97.563553
100.512444
167.412918
151.605377
281.774017
383.162537
361.330658
184.055771
412.448914
447.177429
417.954346
239.198685
419.245270
67.252045
433.306274
201.799713
73.382553
534.582581
126.647415
237.957321
131.443481
421.112854
189.059723
399.482941
235.273422
157.647125
383.570160
114.530212
457.083313
87.468994
516.907043
186.566406
175.763275
492.963440
316.898285
286.564667
337.275757
163.704269
516.411499
586.960388
525.306885
604.844177
525.734924
131.063080
571.551697
478.466583
652.726624
298.400360
99.126076
514.656738
113.065086
624.421692
248.315277
671.157227
417.805298
469.117554
427.851257
571.628174
439.549377
115.514854
570.545715
228.869019
602.924438
187.146942
73.362274
450.975983
77.325493
184.858246
78.133163
626.841309
261.718323
217.521896
301.181458
586.176086
322.894592
361.061676
365.964050
592.787720
453.211151
546.750549
50.563332
413.308075
66.374336
267.770477
109.726242
105.250191
221.772430
359.885040
271.509308
186.859207
307.725861
464.809052
352.315247
293.586792
402.631378
171.021866
35.920143
167.061111
62.601254
94.254204
80.368469
101.220367
111.406342
77.232529
115.721169
83.443832
124.765533
137.071655
146.423553
163.300781
165.351013
60.047768
22.706964
39.755123
30.253397
106.578598
36.874840
46.527679
68.498421
43.340595
84.726913
104.856834
109.426826
36.320766
111.949936
74.098717
161.514603
36.897736
247.147827
253.092728
257.639740
232.830902
291.158539
363.511230
367.812439
548.878479
372.712769
449.074799
476.264679
319.761658
480.212585
255.120453
517.203064
249.252350
45.989670
43.644680
73.102951
337.978821
182.334122
110.774086
190.255219
63.366375
274.847778
389.233612
300.988464
108.731674
319.489044
80.137917
329.149994
81.715652
164.341187
836.603821
195.488312
120.985870
203.704468
568.627136
239.470276
425.215759
313.230011
485.560394
523.229370
431.575165
552.009155
539.545654
614.605103
354.542877
31.129801
75.488937
39.877041
54.361553
42.494408
54.769859
48.865082
59.528233
78.676895
94.182175
108.017578
31.124567
114.639519
56.251289
127.019661
88.136055
44.704285
174.559830
75.141266
97.251236
92.453430
100.704132
128.689743
45.343353
147.890518
301.887726
153.947388
232.543671
292.645020
44.666130
333.173615
112.464958
31.204079
115.665718
49.674496
184.492325
79.572800
75.722099
95.612900
73.783249
112.738541
87.501038
121.973747
186.766022
151.585815
49.539474
154.134949
183.909042
94.544006
609.468628
177.711716
453.034973
326.547180
596.971130
355.839813
485.937622
374.990051
330.122803
398.627014
279.204498
441.912720
171.265274
505.620758
569.380371
24.321459
65.287506
26.978628
58.522324
40.712769
68.395691
41.438194
70.656181
59.829170
81.252258
68.460899
35.632088
77.712082
52.947159
88.272835
47.382862
101.774773
233.912827
221.293884
464.344849
288.647705
349.278442
307.303314
292.713196
320.591034
427.878387
324.304535
250.562088
515.542175
415.769836
616.933655
596.905273
211.644348
61.873951
233.098572
333.036407
236.550125
172.323853
262.924652
228.083832
277.307892
107.342209
291.691132
333.036407
340.327698
280.528656
343.779266
171.715363
61.536118
215.331451
80.975235
206.148651
94.402603
172.192123
98.614136
177.700150
150.630722
56.193249
162.208313
122.785042
203.068451
257.851440
230.121368
224.539017
176.883896
916.206482
207.337982
951.895264
450.125427
731.764343
494.184326
887.960815
573.195923
654.852112
656.733337
710.198364
730.292053
463.512146
776.395813
204.475235
60.107155
515.392029
269.288055
198.063187
307.888763
421.923431
376.147797
327.960541
432.273895
141.697433
508.861206
357.364197
511.542419
289.854126
541.035950
281.510864
86.619560
335.953979
156.618744
127.937416
165.748535
381.049255
352.823181
215.224136
370.725922
300.763672
389.736084
78.166504
411.096344
124.689079
411.846924
318.285004
61.002552
148.619690
102.380600
221.380112
130.206131
303.178589
178.424286
203.650574
188.009537
245.557587
194.457474
213.153748
244.654694
76.397339
313.420502
67.532570
23.604883
138.610214
75.959419
74.589005
115.040375
26.606447
116.180359
161.567627
134.438354
90.094048
164.835999
151.416885
171.966980
163.890045
187.156708
204.953857
108.011513
783.854065
117.434517
836.987305
162.031921
684.516907
241.827713
484.883575
261.944489
137.119720
590.358887
114.964874
599.877747
472.439484
832.695435
414.870453
172.312500
147.005859
274.475677
103.573189
278.166992
404.057465
311.976532
86.145027
423.266998
294.236176
434.689880
226.947678
562.912659
441.815430
594.536804
353.021790
206.032318
579.559082
209.429031
584.231873
228.476944
142.264023
230.334824
108.934875
476.662811
151.515869
548.650757
642.989563
645.466736
191.788605
674.892456
616.172363
57.633282
173.736313
102.827919
253.863647
107.857956
241.120316
152.060043
169.909119
242.129684
280.393311
262.847046
54.579929
268.297668
203.226807
290.722534
239.177277
131.254913
128.660934
194.297821
126.175034
208.472046
469.321167
290.105133
427.354340
327.022980
236.666122
337.661377
359.571228
404.023956
558.010498
495.214630
481.318329
49.598221
139.199905
61.187946
29.964417
69.630325
279.565216
154.202499
283.235809
155.889420
187.979828
161.332840
170.173523
220.195206
144.697998
268.092621
273.559479
7.314396
14.955696
12.144452
42.454941
19.361237
31.839666
23.117029
34.160358
24.548594
30.921061
30.023680
27.911709
32.523609
27.866899
37.308857
17.802317
227.443344
156.393372
303.531647
409.966644
407.727386
538.047852
409.290192
205.727158
555.705383
663.446594
568.067993
381.695953
611.103821
749.774902
791.177917
126.513206
102.427322
226.661987
499.715027
636.390137
507.760986
567.521851
568.562073
237.213028
627.919617
512.537598
711.011597
655.772644
725.744873
657.301147
747.887146
275.553375
70.057564
162.773972
94.231964
105.929253
131.444397
53.886574
178.589249
242.028229
204.405380
78.977600
322.623230
315.577515
442.140808
348.603546
467.437042
409.771454
58.280979
123.811676
63.520859
83.456871
83.926781
174.980972
93.318657
219.874008
99.324562
63.604542
111.761238
108.619881
127.139709
123.019897
160.542343
85.375153
266.093323
230.959717
592.354065
425.715027
657.451843
600.424072
805.471497
104.600342
808.863220
727.298035
816.605713
431.211945
825.751648
598.108337
841.470581
653.358398
96.959488
178.375168
104.147629
425.717133
277.861053
673.084045
384.060852
487.739807
441.166626
858.677856
671.761230
706.429016
731.487671
390.001038
738.900452
748.409790
144.390503
273.684845
144.811844
37.357494
146.768112
54.843533
262.047546
347.702026
279.062073
331.078766
297.230286
210.552521
310.201874
277.878265
319.240845
98.513481
44.336296
221.536530
47.013191
152.648865
55.967236
217.944748
89.767258
108.912140
97.060951
296.633575
131.869049
192.886993
218.741043
138.120789
262.545532
37.999851
142.874313
213.599899
285.710144
575.752197
296.982117
549.573547
352.195251
768.219238
408.901215
498.579285
497.302795
555.890991
544.424316
609.697876
626.421875
252.543335
2.615614
9.137454
3.926363
21.445354
5.293908
15.395741
8.416988
12.567483
10.910221
20.400072
18.745363
20.814867
19.199085
11.468597
20.615767
22.187517
110.854866
468.101379
129.323425
668.757080
286.649048
115.925148
540.016052
622.414246
767.909180
739.055115
786.083801
97.211655
798.257385
596.474976
865.273254
725.240479
209.346603
668.277222
336.566040
663.363953
343.949066
626.632690
421.694275
149.993286
437.458771
792.002197
456.113434
889.899658
614.336365
485.435364
633.201172
395.919342
29.429020
178.710205
85.093529
105.458961
95.947052
138.572266
96.042526
78.345253
148.918289
176.926407
148.923309
174.604965
168.509903
73.214951
172.584991
99.559868
158.275925
654.582336
163.672531
588.731506
211.413345
558.130493
276.071625
559.767700
306.308838
385.499573
382.225220
237.850677
556.432739
337.314087
583.880676
587.276245
99.625725
321.988770
144.058823
422.552704
154.663208
200.769302
198.622070
133.151428
203.878159
479.368591
288.950470
126.169655
293.073669
408.246674
429.982391
390.001831
153.509872
541.152832
304.241028
533.546143
358.103912
135.619308
462.642578
89.278091
485.505096
120.958405
517.589111
558.873413
524.962097
265.718933
585.709229
470.929169
238.149490
761.860107
381.141083
644.086487
510.984283
474.753143
511.096649
131.366562
740.665344
372.712616
789.999939
580.434753
804.339539
190.680420
809.171875
755.252197
141.263153
136.673096
147.442078
386.676697
191.808945
336.042633
264.996063
115.355812
291.565430
158.277252
301.937195
172.246033
310.929718
75.556938
370.699768
341.592621
124.238945
850.533508
125.793716
567.347656
190.330200
930.454041
197.994934
689.874207
461.459808
241.064713
533.006409
715.514282
798.326050
382.330322
852.088318
873.391357
6.072645
27.719131
6.552531
37.143719
15.633910
11.102332
18.888325
24.612022
25.087353
32.267414
40.572777
38.493778
47.537189
52.279858
53.396046
29.319761
58.423595
398.282837
115.409233
328.190247
126.189987
134.030533
140.584000
215.305313
197.250809
364.181183
246.289642
334.117889
297.170502
204.016830
371.655670
211.408661
32.351524
176.800262
70.815926
296.558411
73.990433
81.935509
123.909500
148.212082
166.121582
176.570984
224.338455
106.537910
272.608551
288.110687
308.277618
83.231766
148.181335
195.354950
170.732452
227.074219
222.283005
167.742447
328.374115
460.906952
449.487305
349.214081
469.210541
467.625458
555.920654
391.722595
639.784851
178.405594
244.383438
198.041183
266.448090
223.815811
279.986267
186.536987
352.656403
540.417419
374.102722
353.177094
408.045807
116.063560
492.675751
90.793358
554.899353
267.164062
167.286118
358.289368
608.935669
314.187469
694.521057
483.854980
712.898865
377.612762
736.174194
654.104370
756.782593
542.794922
758.382751
774.166382
797.926575
472.823456
101.500412
159.397308
164.540939
584.951904
166.901535
563.631958
247.410522
339.573425
380.697632
545.765930
476.786591
453.950867
718.636597
588.902832
776.483765
382.039459
164.579407
450.481689
259.097198
273.591156
280.958282
968.074036
337.092377
394.374268
351.185974
673.283142
429.795105
799.484863
452.243408
549.483826
912.073364
486.836761
37.049961
276.362457
157.578720
281.753052
186.527405
173.292725
204.789856
261.935608
231.181442
292.689819
284.526123
256.622742
293.847412
237.885162
306.347778
60.772152
157.465836
135.857590
252.206131
641.200562
385.215363
448.383209
428.753998
226.340668
448.521301
826.262878
449.418762
108.358276
521.354187
622.100647
760.770752
829.070312
122.368881
86.435127
186.220840
385.519897
249.994980
282.076599
420.480896
332.504486
431.823273
435.928314
476.356232
678.515198
548.398804
469.916565
655.927734
344.877991
129.671097
519.851074
325.048584
821.629883
408.274628
754.429016
420.449768
325.198578
442.750061
817.054810
524.301086
255.872696
795.679565
652.052734
832.229980
751.929016
127.495255
534.049255
372.445801
154.974594
443.325867
465.688538
530.802612
825.699097
611.942017
920.448242
618.487183
95.029114
725.807251
562.022095
739.546936
878.995483
122.556099
458.149536
382.648010
802.280151
389.875397
739.853394
407.604675
686.946228
447.366943
154.740143
550.468140
491.573212
783.170837
615.865356
818.980286
373.338989
192.801025
771.245972
220.854309
530.168640
358.358032
264.554108
422.827820
672.193054
446.310211
181.022171
469.516327
337.939667
618.321716
730.986877
623.922363
869.143616
104.920891
172.251709
144.532074
289.805908
236.990982
343.276917
438.753815
394.730438
463.127380
520.190491
512.186218
340.521332
560.113281
76.053116
562.179993
571.775208
120.415443
774.494263
158.900955
135.481644
184.135208
137.537125
381.242279
278.249786
480.386200
446.667633
562.211670
433.153992
650.181641
523.048279
712.436340
543.231323
116.884193
435.014557
130.462234
237.201996
265.447968
657.122253
326.503754
467.915192
542.889587
807.320862
585.122314
798.193115
734.231018
100.240875
734.299133
510.261444
51.776962
274.348236
133.023285
133.893188
137.262344
278.863464
229.154633
358.770416
247.781631
157.076828
431.345306
279.581482
442.046509
238.102219
452.333466
482.932007
181.597626
395.539062
185.577942
284.193451
212.256271
377.902191
418.065521
606.306519
483.243042
491.666870
536.805603
575.836609
563.535400
78.401344
572.954285
96.793098
170.889679
400.654633
217.561020
490.550110
393.326782
732.947937
432.339966
622.286682
443.796204
661.485657
447.532410
444.105835
680.022095
438.842163
743.434021
469.061890
181.991699
433.401001
286.363190
415.680420
429.496887
839.326782
486.943054
301.726105
515.843567
156.716400
533.209290
693.176270
581.655701
451.172302
630.076782
102.388458
160.277771
303.693787
206.274292
242.760193
216.484634
53.390488
342.964355
205.988678
454.307037
296.525146
461.604218
97.159294
481.739319
234.306320
489.379211
59.630932
203.528122
152.867615
205.698975
363.360687
234.144882
344.081787
238.846512
200.637421
257.034363
151.427887
324.881653
48.262211
346.263885
281.734711
397.183105
339.335175
66.581543
440.346741
158.485260
479.635712
175.369415
124.424065
251.853333
386.487305
426.171661
462.356171
447.346405
498.716431
485.009949
247.782394
504.134583
307.821472
160.851959
182.232925
200.754135
582.079956
214.381134
320.076782
257.123871
292.131836
294.070312
286.777008
509.031525
517.457214
627.164185
159.316528
692.957703
457.364044
124.217178
682.455505
159.064529
491.825684
180.260757
702.173828
284.472260
158.597824
409.549377
94.289673
446.477448
128.261963
476.677216
102.807053
670.787903
184.208313
251.809387
275.044586
272.260376
265.342926
310.808685
392.612610
351.007416
351.452301
365.803864
362.158569
378.935547
517.327698
458.730255
230.913513
459.964508
229.047806
51.783340
118.651291
80.535286
273.488159
148.873245
97.133629
186.942947
297.702759
203.529724
340.819092
227.015106
388.495941
266.601105
353.644043
315.574341
343.238251
106.823425
160.037918
199.541245
254.114166
209.919708
617.849121
234.969269
473.583191
276.627991
196.136093
291.806244
257.736664
410.424927
587.546936
555.650879
549.275269
174.706482
327.487305
178.247238
877.968628
313.799927
317.737030
542.310547
181.100967
594.655579
396.849060
703.309082
104.234940
851.677185
309.651428
894.456909
956.789978
177.457993
411.220856
214.863617
158.027283
302.509827
140.319778
403.005859
390.690826
414.815826
314.275208
447.854004
281.385620
488.453491
143.038284
527.686340
267.258240
48.027088
176.091873
68.672951
362.579407
77.303932
36.666828
119.159645
362.549194
203.354477
198.469971
269.380951
126.360519
343.534851
328.830963
356.808624
94.575958
213.085175
303.462891
257.516357
303.516998
316.748962
681.615173
345.837585
646.221741
362.506073
669.790283
364.264893
501.346802
449.339020
866.862427
472.366394
572.485413
101.041130
403.815369
344.025787
493.339417
532.928345
137.487762
551.098206
568.284790
620.998779
443.511200
633.653564
690.920776
716.208923
307.707428
766.379150
439.919983
66.196060
91.822479
146.245224
240.214478
155.625778
199.229446
172.061142
91.848320
205.138596
65.153778
230.894226
200.823029
259.647491
182.776855
303.905823
80.271210
87.804939
592.949158
157.602432
596.910950
163.469406
256.431702
179.446625
345.302277
542.419556
276.890320
590.870789
274.292419
613.191284
218.545349
741.030640
772.638733
71.750259
498.796600
98.974998
281.803955
207.668365
198.844727
235.081558
68.683403
249.319290
97.792801
285.076385
343.997650
418.612976
528.282959
597.946716
177.171173
29.639101
38.849583
29.756475
181.384232
89.030838
85.281746
92.137825
236.543579
138.121201
54.474266
142.843811
72.570724
183.103439
57.885044
234.472244
92.945641
42.338795
91.148392
47.052612
31.531710
47.979298
138.612396
65.488976
59.755379
71.214104
30.372297
81.449944
20.356491
111.167313
73.029388
139.991837
51.415222
125.837563
830.908569
164.206650
134.805939
330.914612
889.502014
375.626587
161.503143
618.058899
923.139954
702.569702
687.440430
795.035034
823.655884
889.502014
98.230530
56.085487
306.026154
58.476246
93.485458
200.406754
372.103394
250.328613
133.323532
294.912689
205.626190
381.843964
183.304565
393.288818
428.380890
421.090240
334.667908
243.214172
111.977608
260.676117
505.022644
268.148315
129.439560
380.774902
265.368896
482.122711
230.706818
502.061951
95.703957
700.870422
103.599091
718.835938
334.008270
355.548370
802.763855
523.090332
857.241455
535.165649
480.713257
558.383545
606.785645
695.447266
663.885071
776.520813
851.241638
787.159241
335.305176
868.409241
814.536682
18.462341
33.534832
30.237265
122.092476
38.252663
112.175201
49.172482
152.566727
68.417305
161.034256
73.277657
147.431168
92.655167
92.222702
94.394867
107.550743
83.730789
257.657379
167.706192
238.638504
271.681030
149.575348
296.231689
156.587173
334.047424
161.711914
513.246765
328.404663
579.442871
117.050835
649.043091
433.748566
93.143890
766.304749
102.878120
394.318237
372.372772
313.923950
415.785675
620.291321
426.150024
375.849274
693.580505
698.208618
763.306274
706.443604
765.804993
332.219086
93.930183
381.292114
127.229141
155.172318
136.336548
154.603104
156.595352
148.936844
182.753265
287.410828
311.757599
427.734711
319.286743
110.126877
429.597595
342.443359
146.211868
223.337631
160.706726
654.471313
218.686127
273.728973
268.678070
770.101196
523.312866
737.047302
569.781006
372.303345
660.743835
173.110748
684.306763
423.023560
107.821831
328.445892
156.375702
142.446075
240.471588
183.376389
366.652435
112.144310
381.440643
158.729385
455.411285
347.482544
483.951477
209.074417
510.419281
388.501678
65.379181
345.419037
116.935173
241.144135
149.120956
153.349747
251.622131
363.015503
253.795258
324.897644
299.513184
326.835846
304.728668
42.813885
324.956390
132.840118
61.772163
194.029022
101.652405
270.492950
138.049484
258.198181
268.295227
304.578247
301.157288
351.735840
324.357697
77.757431
337.440338
191.240417
366.000275
344.417053
59.683189
223.738388
70.291870
67.199463
199.457245
261.949707
257.067688
510.774139
270.282013
128.761322
430.672150
367.249115
507.194977
245.413895
519.092163
498.705170
217.005692
712.487305
305.298431
596.258301
307.645996
781.201172
342.883301
98.241287
395.375336
119.228706
671.686279
302.387421
764.862000
417.771301
831.627319
420.823151
87.304146
36.529572
90.066078
247.881531
157.765503
225.135757
215.741974
159.965408
250.988708
227.977966
254.336746
71.535446
269.093811
95.670227
290.763733
182.663025
64.933762
277.551422
129.870575
185.266312
218.331039
305.544037
278.593292
218.152832
291.972687
255.755035
310.506500
151.200882
395.032654
130.295532
467.536499
126.676514
170.599808
376.468781
443.273773
607.438904
455.583435
245.487137
505.982880
324.974152
518.927734
552.242615
537.392212
419.574432
541.882385
407.001953
689.313354
725.716614
138.892212
789.435730
188.531067
128.895813
312.285065
240.823425
367.779938
234.624283
394.269257
519.738892
462.688507
351.081146
659.665588
565.054382
713.536316
660.786438
335.185089
670.553467
359.669159
798.073608
438.170441
914.531494
464.481293
296.137451
473.691376
551.710571
504.340851
224.892609
807.765747
913.694214
825.881409
471.357117
65.267181
44.221115
99.327431
207.258804
118.028885
139.415543
118.607117
190.402954
177.428375
122.797318
226.071152
124.223091
244.677567
237.659561
268.654388
205.009247
160.708527
435.915466
166.348251
423.071564
181.760925
154.218979
233.773849
527.000854
302.821838
481.419525
429.329346
101.530052
432.361664
605.223083
527.348511
440.821259
151.668808
368.621246
165.636795
267.231537
343.401978
804.063904
396.172791
547.898560
588.931152
324.000549
726.022522
284.480103
826.899658
661.692871
886.949219
194.982407
65.578949
231.975327
106.664047
364.656830
146.076462
524.292786
229.030716
101.558899
250.113403
458.814514
339.897736
209.202545
446.583099
95.321213
497.529999
294.491577
33.232624
237.522308
55.596970
286.956635
66.492416
67.158623
185.701462
208.824783
191.975616
121.585281
200.147217
83.290977
284.561646
114.493118
285.708527
59.459286
130.836258
640.017151
222.318130
722.157043
315.684570
265.016846
721.645508
413.493164
811.350525
940.900452
888.509705
248.594269
931.693054
697.280823
937.777466
813.342773
99.604179
588.482117
109.028603
334.357971
169.318832
662.853088
279.822968
311.914429
305.190674
107.147446
390.848633
549.648254
433.482025
530.911194
605.710571
321.431976
19.584145
40.660519
30.441750
18.842779
31.685247
25.746428
44.185951
24.262379
44.811646
15.288424
45.175755
25.030035
46.486294
39.502460
47.242119
25.565029
168.412491
712.621704
264.491730
625.361694
369.256989
183.333282
493.739014
146.004669
519.504028
579.240479
803.665161
830.735718
846.908813
227.669357
911.894165
642.360718
118.434029
759.174377
140.467529
857.297607
173.660843
894.471008
175.429764
938.564026
290.331726
857.063477
418.994873
187.682159
546.175232
570.263794
698.562744
844.056702
153.452499
496.261475
170.876343
341.411133
231.245041
181.477600
235.728455
370.605835
262.389038
248.638901
408.122589
270.501190
423.762085
355.941010
465.042511
94.688240
3.286185
14.948168
4.578127
5.091256
5.253427
14.948168
5.551643
8.118768
8.610209
14.310330
9.672450
7.043218
10.768210
3.215697
16.676836
5.700505
197.752686
579.388733
237.947083
790.554199
276.218689
302.163300
310.012543
935.080200
521.230652
722.229004
582.391479
928.126526
743.590515
370.725555
813.996521
888.327209
61.186203
507.303925
109.512192
236.866165
247.061722
284.763916
387.312500
523.527893
475.663086
213.559662
479.550262
403.207062
546.208496
373.328613
550.803894
379.933502
165.757462
301.413788
182.259186
720.899902
285.475525
639.196228
398.089783
492.733276
424.814545
211.398834
425.700012
121.947365
580.735840
379.877502
670.247681
104.258308
154.576767
302.126923
225.856918
619.229187
308.590485
159.747620
450.168335
411.929901
723.085693
393.987061
834.750183
807.163696
906.469849
307.065094
919.681335
717.320190
24.998064
111.936569
56.680817
44.623787
150.468643
216.674713
154.458969
24.069654
174.840942
30.906687
188.951538
165.095718
199.594437
79.626678
213.071747
55.088379
116.597847
43.917019
139.443344
280.743591
238.554504
92.446884
250.811310
276.951538
274.433868
188.646667
275.034790
45.471134
323.077698
155.543991
345.757446
124.233734
129.473236
593.549988
209.282623
498.908325
337.547699
474.047089
623.478516
307.170532
704.290833
918.910461
730.366089
173.231171
780.985962
129.262100
911.916626
735.591736
11.599195
61.845352
41.459435
53.554367
57.591938
14.488978
82.835640
41.957150
84.288147
54.961170
86.487221
54.311096
89.138306
21.373161
90.895538
52.221210
12.953367
116.240982
37.865067
75.746979
59.590649
31.515406
71.735306
41.280148
98.823753
32.402229
107.372742
87.733612
113.377350
14.001432
114.109383
15.436476
142.044220
81.239609
161.177017
143.383636
175.506393
121.271820
220.053345
332.413727
293.085846
114.921165
389.003815
57.626724
392.456268
404.060638
410.850067
294.702393
14.795169
34.128407
15.117359
28.305574
15.925536
15.801339
22.911133
55.641380
34.051006
39.832439
39.711842
29.088552
43.678928
39.472450
60.663231
11.666860
149.899719
917.123047
200.552109
430.475464
521.059875
142.256973
568.916748
879.807007
585.946228
454.429565
612.490662
468.407043
676.325500
194.884171
794.787964
628.904602
82.882683
247.183060
146.953415
559.774780
296.041779
244.410934
310.162262
290.774719
348.608185
278.074921
464.621613
144.371887
476.403137
65.799469
559.133728
468.294678
97.625801
264.710205
119.972847
470.946625
164.220001
122.654495
346.053436
526.438782
350.576477
561.335938
515.890991
628.949158
531.533936
70.666328
543.583435
143.875244
70.912956
243.045288
96.775307
300.374695
132.262207
373.307983
135.446365
178.007599
349.347473
284.353027
397.455780
217.182938
401.979889
405.999725
420.422119
296.297241
55.585884
274.938904
77.428635
89.701294
112.358513
291.496796
189.456009
334.960175
193.287750
204.440506
238.935379
57.085258
256.529907
41.610229
296.929718
230.994247
23.467484
25.153475
23.614958
14.750546
73.979477
50.200218
74.948029
78.268196
77.339508
51.766636
105.052750
96.391609
119.517204
41.806133
125.507858
128.979477
160.929352
283.648956
168.255676
147.741959
183.125946
463.978180
186.230576
55.256145
197.894669
160.450607
281.704956
318.220520
429.769318
340.330078
499.623291
270.374542
262.600891
278.863708
350.732635
281.898804
353.156219
206.813553
364.300079
758.073059
400.857422
583.916016
423.077240
740.202087
618.751953
702.308350
639.295654
792.388062
39.456673
59.908428
108.889450
139.323166
176.980667
257.239746
179.138428
51.380611
182.787842
39.634922
186.878189
174.231873
201.701019
99.085739
220.773697
221.439789
187.142853
288.271088
245.130508
391.097626
257.859070
328.120087
292.350525
153.299225
314.130920
125.968689
526.332092
245.533203
582.866577
126.021210
610.547302
465.770752
256.289398
654.604004
387.272980
440.160858
457.863739
113.915932
718.418213
196.448395
730.448181
549.689087
744.950439
152.698914
768.502747
327.873444
781.702637
760.247314
245.044556
307.344391
292.867737
308.710785
324.830566
223.217117
334.689240
420.355865
375.455688
380.903900
415.391937
284.219788
565.745239
369.955597
585.116638
535.944397
129.699615
201.716644
228.421677
411.814026
271.855652
254.607269
295.430695
98.292892
308.483521
206.698029
393.353607
93.617844
422.735809
277.982513
476.758575
77.261841
174.573669
883.422974
277.605194
688.540161
319.185974
803.076782
375.303772
559.899658
565.151428
579.119934
735.670471
860.954224
737.051086
700.099426
788.458557
865.366760
22.597677
22.376472
28.225519
152.758240
30.334673
133.328293
65.387794
101.973907
68.201714
175.974365
98.676430
79.267059
124.253784
72.903587
177.738861
83.500801
158.975967
526.346863
184.542648
273.263550
344.329987
175.464233
387.640839
530.975769
414.732574
118.553680
494.949158
510.953033
546.854065
119.953125
621.993164
111.341187
72.892517
321.011749
182.983337
101.474709
243.425629
219.314545
371.949493
345.548004
403.960449
348.949310
421.790039
68.709419
424.053009
193.516510
438.618408
82.918228
13.220535
87.375786
29.669989
106.588928
38.972988
86.609383
40.661728
33.316208
47.038460
96.708641
47.662201
55.694496
68.421425
54.725712
120.274689
71.351006
19.618200
66.484230
40.725716
113.278297
61.219662
51.319241
65.196495
106.298012
75.968033
63.018703
90.856537
89.140816
102.908234
31.408564
112.619278
25.348629
126.331703
308.892883
127.533676
368.933716
146.025558
247.881195
176.860794
140.512665
181.992294
310.094849
211.255707
188.071503
299.230865
122.980049
386.859314
85.822906
20.388939
42.210144
28.353128
23.906034
37.954685
31.188223
52.637424
72.804352
66.722710
55.951611
89.561279
83.426094
90.795647
51.064880
96.849106
27.290674
63.189991
296.770477
112.248398
201.711685
164.283493
84.221992
228.875992
217.587341
406.045807
332.067810
428.899597
372.944397
440.074402
179.492249
458.633942
283.513641
121.524063
619.175537
213.550583
595.929932
217.504501
756.172485
348.049225
189.718399
446.158691
690.433044
666.948486
517.285889
674.617371
722.281738
728.864319
698.036743
229.402313
95.312439
253.803833
210.528656
278.331696
323.059906
360.807251
264.227783
417.775696
241.642563
426.588684
145.157867
505.779083
123.915123
560.346863
509.790741
196.256851
579.812317
278.430969
417.801727
300.588013
349.475769
345.079926
644.428528
461.633026
857.766174
694.993286
405.935547
774.423218
294.413513
861.094788
468.595215
110.368248
219.594437
162.246780
315.260681
187.908249
228.431854
211.052200
313.906433
256.715027
595.436035
277.914398
386.411377
389.536591
434.626465
413.930603
443.811127
37.699268
86.390472
48.352367
85.857483
49.755688
60.631432
83.867195
127.167755
101.631355
165.489227
139.925842
169.544006
151.138916
70.029633
181.647659
28.071674
4.195465
13.286860
11.842263
20.764767
11.870943
30.267233
14.469091
6.505756
15.998663
20.513025
24.988085
21.483879
27.118864
23.416025
33.033211
31.060699
47.690773
229.171021
48.473595
223.184311
55.712826
127.299934
149.390396
174.880524
164.375824
150.933670
185.541809
104.270088
186.667572
166.649734
234.635864
131.691177
103.028366
768.945190
169.749832
493.254761
179.139694
366.300751
234.893585
710.672058
280.596008
711.842590
507.097809
914.984253
684.487305
633.364746
901.115784
899.334473
7.452574
19.799320
14.492404
17.963888
16.259962
25.176937
18.028227
23.696430
20.683805
15.341538
21.059235
14.144548
23.415743
6.003177
23.557148
10.339350
98.205200
163.557083
130.993317
496.252899
137.274826
312.587708
145.161224
432.816528
224.301376
73.182686
296.331696
228.080643
449.314148
480.273010
474.526459
495.597137
83.203117
96.356644
195.406891
488.475525
286.527496
476.072754
393.695099
565.942139
449.640564
224.013077
450.594635
380.619751
504.256622
455.208527
508.276184
141.995148
64.554596
85.053886
92.433273
308.617950
115.588097
196.270630
118.138458
265.656189
119.409256
68.244293
147.086365
316.049927
219.478027
229.241272
280.239716
173.764359
28.892670
104.549034
37.037052
142.988037
42.059418
209.593033
61.285095
70.688148
112.076416
208.075211
157.506012
106.949158
191.650711
89.216614
196.790314
48.753853
302.343475
135.595047
374.907257
511.196442
383.227386
158.439468
417.299683
52.465549
444.001892
250.248978
460.728546
488.323242
492.598450
232.888947
504.488495
172.085663
177.187592
380.359619
183.149612
231.528549
189.526169
171.908340
258.229614
371.349518
289.807617
422.020599
318.288757
382.176270
410.669617
328.164490
424.446869
131.649445
89.181404
89.299141
150.659729
699.196350
154.309586
672.607422
258.820770
569.234314
325.734619
573.414001
355.679077
215.591675
555.459106
549.454529
621.332947
667.014893
7.751564
2.411721
7.806416
7.062074
9.823873
2.898807
11.039942
14.303637
11.731077
12.003143
14.896038
5.279932
15.984850
17.306784
17.929354
5.650183
14.921622
18.173710
18.576717
38.776726
26.910595
26.908440
55.032848
41.640888
62.972340
51.981190
65.700729
28.919174
72.976440
58.655621
73.939781
20.154270
21.732981
37.926899
79.929108
40.432224
109.389977
50.183876
117.023621
109.517448
140.586426
87.386253
142.258286
175.126587
144.126251
133.550919
173.989136
120.357513
36.860184
186.741623
145.564438
68.701653
151.879776
301.820068
199.156570
111.879356
257.946106
324.384644
300.692322
304.663910
353.254761
129.530930
353.254761
177.739319
241.417526
803.548218
425.870270
452.340881
434.515289
833.640076
500.895813
920.549377
557.381775
749.127930
630.520203
147.367798
886.020264
353.879364
887.346375
809.413574
59.275322
197.940598
125.638351
378.170044
144.987717
119.615768
156.063858
363.915894
175.611206
64.641464
275.390198
314.995453
363.155273
199.566071
363.613739
363.915894
41.566467
183.382019
62.571243
311.922211
99.096382
121.679848
114.216949
117.958649
124.601448
157.292633
168.056427
223.259308
197.344193
257.826477
315.592163
365.720673
105.780197
160.505630
108.790482
340.099976
211.275238
173.974716
250.331757
271.268677
399.263641
179.667252
531.446045
370.222107
580.440308
264.630615
595.472473
524.904419
97.730339
520.309692
239.949600
249.031448
257.293427
401.467804
258.323517
349.436371
423.646851
367.536987
544.485901
653.215881
595.403137
635.661804
744.938354
693.495544
69.453789
27.984991
109.667679
225.901382
111.622559
83.863190
113.602669
187.030685
136.714462
172.274460
188.556763
97.307755
189.414398
202.524734
211.025330
130.982239
109.716965
655.307129
209.275742
789.569519
400.461029
640.208862
408.280609
316.113251
474.623077
662.856323
569.269287
518.160339
603.724976
723.452393
631.127319
296.079803
14.517168
30.784912
34.911430
68.844185
35.358685
49.834137
54.215298
79.483681
85.151108
97.249901
85.699570
42.139362
91.109093
40.160984
92.568390
111.911438
86.191856
298.605591
88.555290
217.787933
104.012161
175.766052
236.175461
291.598022
278.989075
347.469635
365.467194
341.100159
396.333649
410.561523
409.734314
283.172363
264.481476
184.019455
279.433624
204.875214
295.562805
126.399452
321.807220
586.182434
520.930054
67.823097
535.330444
271.801239
555.211487
447.125671
615.295898
251.460434
20.214079
128.999298
50.834797
106.478020
60.059021
103.298843
86.442558
151.926315
129.230408
67.398338
154.956543
121.644569
159.861404
53.428471
161.294342
40.157093
80.577820
175.622803
170.978119
344.026245
200.587891
236.942688
247.000443
226.833694
318.548859
323.227692
377.597656
570.641724
541.407654
138.994797
598.919617
491.750671
81.751556
408.120941
139.896896
188.386612
402.731384
345.807251
474.033112
575.767090
514.869995
430.183929
550.121948
397.911743
560.803345
499.222382
592.684753
504.286285
136.603378
807.358765
356.168091
151.254562
361.144928
768.915222
387.273315
527.284851
420.003601
806.419250
429.246307
631.823792
456.491943
910.831177
472.717438
285.984589
214.187592
94.549660
240.906128
539.237549
255.593674
445.112030
302.206055
132.749527
347.032104
522.855286
430.363403
374.910980
441.524109
65.235619
504.381348
327.382538
157.531448
368.171143
163.016479
823.671265
436.054443
445.446960
523.135376
820.273438
577.694397
384.310699
790.275696
484.934296
827.408875
407.245911
860.828735
402.391907
156.088791
447.010345
279.593353
199.272781
323.725677
316.386322
355.185944
101.675865
373.616821
260.612732
407.798401
366.785980
458.665344
66.889526
486.813293
428.304626
124.951797
387.423828
204.440414
343.088745
207.978897
159.943451
217.299210
571.054810
277.869690
641.940063
433.724731
600.542114
655.261353
578.201111
748.672668
637.314575
88.447319
347.413300
139.958084
191.228149
307.745178
253.362015
326.857117
266.119354
344.171814
210.259857
354.778839
159.310730
436.538147
140.969040
446.054016
105.713860
118.626457
240.506989
120.150970
650.840759
237.357666
517.867432
252.261765
483.987213
462.423431
209.816208
581.676208
532.510742
643.097900
92.709793
655.374207
397.852417
84.834129
138.217529
115.706451
684.633545
133.253036
430.841339
144.247269
285.323334
164.748428
680.272034
262.249512
565.284668
295.352844
525.870239
545.225708
363.308136
112.969505
461.340332
118.295319
277.564972
122.228760
132.706345
197.155640
397.691650
251.214386
393.218658
261.622345
254.799728
404.166168
553.950317
467.640808
477.213348
25.113855
23.945005
26.309980
121.185654
31.643839
86.470764
64.172974
14.718870
95.833267
68.069145
96.441071
51.709122
122.861008
137.904129
140.970413
118.894707
39.505287
36.454590
74.519470
252.213547
86.664291
123.207443
100.388802
32.128540
109.569885
66.222443
133.424744
182.243149
138.207306
144.830444
146.011581
84.178802
35.247116
204.426468
53.432758
259.289429
70.718857
316.109131
169.928452
134.224869
190.543793
148.088989
247.678802
45.244118
276.501343
147.402740
334.684265
318.974701
22.137928
25.123442
33.703259
12.110876
75.651123
66.980263
76.492462
33.979519
82.463486
96.675278
86.045471
12.220754
100.922806
45.714371
113.473892
78.062134
46.400639
46.216278
59.602688
133.140869
59.664139
44.172985
73.813583
181.760056
80.209770
170.037994
99.961632
96.827553
124.701393
69.844772
126.299156
66.761909
4.719362
6.570096
5.890996
4.829546
6.394944
9.569199
8.576229
4.942802
8.753576
15.185053
11.474366
1.845808
14.252663
12.850564
14.703933
6.205305
25.617451
11.517788
27.277592
91.871750
33.669266
75.485863
34.256859
41.323368
52.841728
63.923882
53.454979
38.480343
56.241554
25.894567
75.334473
20.847427
16.090729
83.691307
21.019176
81.506981
26.408636
75.345512
35.943550
122.021233
80.043449
64.903206
87.353798
84.529182
98.948639
48.771416
130.103592
64.134850
169.605835
786.790588
229.060242
300.570740
274.186737
445.579620
313.014099
761.232666
392.656677
768.693542
399.652832
710.968811
584.986389
529.481812
815.962769
552.819580
17.323763
44.546555
50.738419
43.278744
54.976715
70.053284
58.308483
107.040558
80.617256
92.388817
97.801262
113.898102
98.560616
51.069588
100.380371
111.108253
58.626423
250.551376
104.358887
136.215759
110.379364
222.951599
156.940094
94.179298
223.307831
49.658047
262.565613
308.217926
282.996063
252.964920
299.196136
131.076981
133.388870
234.119598
257.228577
427.636139
270.059692
351.141968
270.292969
265.393829
380.277679
398.163452
384.217712
255.634399
391.112823
247.650604
405.123383
251.746185
100.508080
551.706055
220.458786
498.286530
278.487885
213.877365
310.601074
466.326996
524.612183
660.952393
606.457275
601.514832
725.255615
468.913452
847.997620
210.573868
162.238327
545.115662
266.303650
278.385925
530.669434
303.364746
624.018311
128.407913
635.312622
287.368866
745.025085
125.886391
803.230225
260.078644
952.525330
670.456299
13.217746
41.489754
18.954962
12.901857
31.464567
47.271790
40.392681
12.289290
47.468155
37.438698
50.857552
50.061424
51.751854
18.265556
56.334370
31.895712
192.844727
530.604187
233.808197
335.601959
349.745239
316.397369
367.790924
400.642120
407.217072
830.569397
428.928680
547.136230
544.983948
153.465866
755.241089
666.573608
120.578148
403.490997
285.723572
842.807007
383.243073
639.796387
489.132782
470.984039
592.046387
625.660095
651.116089
198.168594
873.524353
491.524261
906.819153
211.534348
64.735268
61.444988
75.835609
161.508682
100.949333
49.799767
101.361488
109.171539
221.292618
165.287964
240.293823
136.506729
242.214905
200.712631
247.391327
207.209381
108.907387
512.932678
129.835083
820.501648
145.753769
146.619202
293.768738
679.462585
454.214447
149.608871
465.517517
608.471008
544.429077
937.229980
844.681274
490.955933
80.051437
165.317184
146.975250
273.305023
167.412491
357.086151
189.334366
192.924835
193.830353
133.603119
195.894073
142.731964
270.935944
336.764709
318.928192
263.807648
160.365295
558.087830
252.190384
285.465271
313.593292
492.635254
386.566620
552.821289
420.100830
176.364365
482.700684
584.560120
514.898315
322.031708
709.340881
119.090889
6.478169
40.315491
6.621758
26.739836
14.657502
6.262786
24.864046
45.979412
29.708206
29.974497
34.590221
44.304646
46.023796
7.032944
46.813534
45.766640
114.264465
334.237885
143.981354
527.348694
202.028763
152.478882
231.794571
217.979965
275.423920
483.605164
426.030762
429.945160
451.115601
243.097427
583.471497
319.460999
94.455276
676.976868
179.188919
347.136292
205.913574
721.357544
215.868820
96.912430
450.361877
686.856140
636.193237
515.894287
680.852600
117.760193
905.897034
194.311783
235.524460
730.884094
493.241913
402.114563
530.772827
524.170166
625.722778
841.177856
669.401855
446.461945
720.859802
646.680176
751.761292
606.877136
921.318604
106.385048
72.704079
436.378754
154.741699
369.648071
218.661606
305.829742
293.977051
309.842743
347.991486
257.081299
464.892975
339.068085
470.683868
354.866058
490.884247
250.274445
167.843140
755.843933
420.788361
799.996460
517.953491
450.478394
588.908508
620.646973
639.527161
845.901245
799.256042
223.595245
808.831909
771.046814
858.290588
677.731750
4.624095
24.578999
7.020666
3.321824
7.622949
13.093047
11.991770
24.126064
12.640114
19.112389
13.520857
16.602062
15.761797
9.605668
20.844564
15.923011
19.635628
57.905094
22.127710
63.166588
24.908758
67.128708
27.579262
55.603069
28.174646
63.969486
36.205555
17.868868
52.967476
64.481476
62.809746
38.986599
114.448914
284.618256
276.379730
602.436951
295.092712
227.028992
366.298737
688.226624
397.017059
464.134033
434.100586
639.460022
600.845642
182.794632
706.798584
479.362274
19.737024
41.550598
34.894382
25.384859
46.321186
151.568069
100.629028
164.432831
102.641266
61.609680
107.882133
132.707291
160.833405
101.632889
161.195160
162.244232
65.457184
77.174133
144.927185
172.209717
324.974823
172.414978
345.090332
414.246002
385.937164
199.235687
478.304382
349.486328
490.448975
580.233276
560.374329
604.693481
101.235634
722.451538
189.671570
331.731384
206.319046
274.729462
293.763824
715.796570
411.368225
549.422974
472.577545
360.859406
529.093994
535.405090
618.703186
471.242523
24.759830
184.730362
40.606918
173.947403
58.155106
171.781860
75.759247
26.203527
168.094269
112.511955
184.568085
46.818169
187.858368
101.040726
196.845093
196.777954
21.523958
112.410545
41.028461
29.608824
86.154335
26.927561
105.248062
21.404459
109.508957
40.707310
112.328392
114.210503
114.400955
30.837425
130.850754
82.136177
22.268955
67.956429
55.838451
130.269775
82.271805
129.952011
107.466431
182.522507
115.776672
146.470169
149.836273
125.417198
171.594772
125.643394
174.406143
142.877853
91.561852
711.238586
100.327354
760.686951
273.433746
373.172333
525.825867
458.772186
634.726135
442.182129
695.738037
851.536194
757.344177
747.860596
789.830994
784.333984
58.887623
29.081949
84.632202
170.674088
103.201561
48.130871
148.948105
193.808380
169.854584
176.635223
185.085220
23.308996
186.487473
86.841827
186.778854
33.744019
11.707503
62.647358
18.796875
42.459709
27.807076
19.213898
54.275330
21.043106
65.740273
63.664639
68.536209
16.680174
79.742096
77.770721
92.426514
38.254738
106.553032
441.177368
141.338989
488.040955
171.803238
645.397766
207.167984
193.296051
212.145676
128.065140
292.136017
558.770508
382.390442
426.668732
633.185059
516.016357
56.940342
109.572792
118.362976
302.316956
192.029099
189.843628
247.861267
325.089355
288.407227
88.285568
297.149109
323.592102
416.673920
279.399689
417.615723
171.442184
99.002998
452.082581
102.881447
103.896896
163.371094
310.300720
278.976959
70.344818
306.915894
332.612335
382.750061
323.882324
419.940826
188.602142
444.551331
89.356247
33.364456
133.318970
60.099575
86.124489
76.755241
102.179214
79.794106
209.215286
181.892883
130.027451
189.623199
190.312912
213.920395
175.275696
220.134689
110.250969
85.740410
352.271942
143.202225
187.110397
152.473297
634.804321
304.928284
322.905701
440.417694
706.831604
736.503723
416.063507
775.352783
500.161987
847.544800
405.921783
84.565987
429.372681
171.437744
506.065826
202.351791
140.770355
446.128754
452.015594
461.256897
232.640976
551.532471
199.934570
570.607117
544.593262
573.419006
357.579742
76.626282
81.945770
180.467926
81.034386
313.622559
83.694130
330.269226
482.562866
383.426910
488.849518
390.773773
397.860229
534.362793
268.332489
670.623535
501.032288
148.048721
560.637756
430.421722
325.296051
457.550049
928.180542
486.636932
529.274780
554.021118
910.024414
692.177185
670.289185
803.654785
388.286743
935.432373
731.427246
42.909668
95.851929
60.402649
85.491905
75.374313
53.964672
88.250267
130.396118
111.653252
161.648590
121.065094
101.400978
155.646988
151.439407
166.879776
153.238815
60.678936
73.618660
65.190315
153.456848
70.865097
181.683441
89.017296
184.345551
98.624298
39.818893
116.517395
121.613014
121.740028
30.785976
156.281540
118.259964
117.065620
479.540985
179.535660
107.075912
231.230942
676.410889
301.178528
326.849548
457.775604
211.271149
561.853088
76.871269
574.413818
648.011841
698.117432
150.155319
151.042114
795.973206
220.702820
856.329834
279.237000
442.849762
323.119659
761.754333
573.706360
265.640564
632.983948
156.989044
745.088501
270.412506
835.203796
569.174255
31.848049
88.779030
33.608555
87.123032
71.133804
34.307930
134.672699
34.380280
174.022766
169.344162
188.500687
101.335678
197.954346
270.544983
248.406036
70.788132
240.363663
626.961853
318.375305
585.121399
347.120636
660.391602
561.858948
538.356995
748.357666
186.492767
762.836792
364.341248
816.042297
940.578796
943.293640
110.131310
