291.534485
566.589905
342.361115
261.495697
235.974792
880.854431
332.249573
347.174866
826.881409
662.730225
234.119217
671.954346
921.515747
514.015259
465.447601
268.003632
25.453403
18.923347
29.464119
12.622240
9.175158
11.957465
8.644625
9.667992
26.565958
33.139229
21.853689
31.648771
7.536667
17.786886
21.562218
19.670874
259.472137
202.307465
92.434990
154.180878
140.456375
252.155609
338.184753
52.208344
318.167084
150.986465
257.817566
313.385040
154.085236
179.774429
52.772629
178.607605
895.208252
236.120178
574.799561
210.133423
671.469238
297.693542
634.592346
186.675674
602.102417
424.582214
409.898529
803.544922
428.917633
141.514969
120.147514
474.181549
301.289612
132.427811
85.246628
391.577515
200.425476
318.573486
322.864655
61.645206
200.945618
164.275635
210.839142
305.190674
301.192078
60.995029
245.461075
166.507919
239.065781
518.481506
129.599991
587.566284
276.964508
516.296387
85.967499
567.480652
439.048004
135.980545
207.355316
103.133804
146.329269
245.289001
598.212219
200.939804
140.455658
452.541046
212.747070
219.955444
79.847862
159.459518
224.590530
412.631348
248.213501
77.290565
370.132355
384.117554
541.630676
363.451447
512.461609
183.625931
114.949677
25.097563
90.044136
203.335663
86.762489
81.765160
89.482635
144.440781
39.715221
171.062012
127.845406
119.647545
87.723274
105.753593
39.796326
117.657341
86.611328
55.040482
45.062572
112.297089
136.634628
124.431076
171.859573
138.212891
27.016739
25.545465
100.002594
161.346664
175.208725
19.729923
121.451080
170.147552
125.409332
132.787109
80.321045
57.469490
131.695374
161.804031
65.243729
160.143463
127.248032
185.931183
155.230698
172.773010
187.109100
44.259602
27.579174
36.462379
128.306335
296.822632
148.532684
239.846420
288.430115
125.126465
190.014389
99.636894
152.699402
61.478439
241.862305
172.773926
200.431213
291.922089
76.922325
135.602325
364.584290
490.589691
480.584351
854.613831
356.276520
798.439941
329.424164
262.216156
356.353668
449.308044
665.875793
703.788025
797.514038
875.138916
197.683090
480.558624
72.209427
72.573128
30.455055
12.388913
64.014229
58.942795
50.727203
122.043427
16.297861
33.344276
65.955109
106.791725
24.938339
90.204185
106.968483
53.344501
919.310913
703.133545
450.892487
908.108154
619.726685
827.898499
726.152893
320.935394
149.313248
396.694672
531.562561
755.796692
263.693909
871.788757
481.764008
399.226807
910.605652
618.101562
671.851135
249.286194
899.032898
514.238647
843.982666
862.695496
821.235291
395.193207
847.380188
816.457581
469.062439
273.705780
648.519836
791.347839
235.022568
396.585236
153.566788
211.467667
456.441986
530.967896
469.694794
423.731537
119.338837
532.704590
414.542267
325.043762
87.454567
557.928711
588.126892
602.037231
137.721542
767.802856
446.616241
154.781509
80.658150
678.850464
501.579956
324.659363
348.237122
660.500061
398.060974
350.074341
534.890625
120.442863
302.350189
117.512047
557.762451
480.745300
794.498535
535.309021
694.100342
392.358734
155.931824
444.472565
266.391235
247.743484
633.495178
211.423172
442.498352
290.604767
297.764191
774.590149
11.202149
54.024529
52.928188
47.764694
40.703506
42.754505
67.940178
22.028528
64.119240
83.070625
11.471589
33.328751
72.395226
47.469704
42.485065
78.257874
381.778137
522.636902
130.704330
324.527740
82.317947
435.093842
266.355865
146.867249
427.634033
480.730316
372.680084
111.996292
318.647675
101.142998
473.168121
85.740685
292.441528
438.074005
80.996971
90.036232
609.132629
609.520325
334.184235
414.374573
355.769196
294.749817
494.635406
302.009399
168.182617
341.479065
291.542908
401.635040
525.760864
434.328339
424.294006
481.316437
480.661011
62.902233
172.671204
457.658539
375.917023
329.428284
450.823334
339.915161
308.157990
134.172470
61.841061
532.346375
158.636932
203.146545
156.386383
137.012039
183.992371
282.980072
228.281815
144.509811
376.989685
353.371063
421.205719
154.845230
374.885895
255.496399
157.792969
306.855530
219.180038
552.133789
554.260742
706.535889
360.598969
547.680542
542.961426
480.571350
195.850235
742.405762
467.034302
479.042603
410.515472
668.804993
584.746765
277.892273
162.112305
137.120804
54.517899
217.125031
193.715805
153.236923
157.082565
84.863960
164.993927
365.365967
134.752640
197.875809
371.988464
337.943451
47.151432
83.711319
175.033005
142.522476
72.017982
29.110460
29.397982
178.904282
129.460770
57.118183
71.756134
180.927200
145.053711
37.145672
129.363220
40.051701
142.029587
69.455956
561.468506
630.625305
267.978607
231.378174
132.911301
526.389221
374.663422
494.036865
262.598907
652.329590
499.305237
332.942993
587.495056
310.237000
261.318909
329.474030
27.791998
40.640011
64.647308
119.287880
47.601139
136.256714
23.499302
150.097321
93.922729
126.175964
87.163559
35.973473
64.746140
129.501831
115.729973
105.073425
226.402008
86.109840
246.941544
407.729126
145.567139
101.606377
96.930946
433.046997
251.646378
520.527466
269.421814
318.807831
408.155518
361.709991
359.769257
230.474625
35.356209
57.631580
105.949242
28.537302
52.330311
142.660965
66.545074
52.907261
134.842834
100.618706
37.810345
79.208755
125.523804
45.101685
151.323608
55.373943
161.442551
329.018463
415.742157
87.102112
323.896210
171.087601
66.190887
336.293121
450.875732
184.751419
494.864227
82.892624
454.962616
400.280090
153.786453
123.788719
169.290939
521.252991
403.232788
266.065369
519.630371
364.743683
746.475830
177.945038
639.749207
706.472290
337.656372
644.638794
317.275970
344.428192
595.094055
577.223389
241.204437
495.635376
339.327179
316.130310
273.061462
596.271118
110.934708
652.581482
433.835052
353.167969
160.537338
185.686600
511.428558
503.850922
165.312027
360.648956
133.247726
170.754150
62.945347
72.384094
164.593826
53.062775
189.383102
197.312836
92.456955
47.405445
28.024952
169.777740
76.443642
206.538544
185.151947
157.072418
705.723450
454.449615
374.099396
618.301575
329.132996
923.330078
655.325195
663.114258
728.783142
127.540031
889.099243
893.250000
476.894379
798.167175
264.719604
328.620575
327.902710
317.822571
385.287720
64.263260
105.068100
414.222321
70.323090
216.023209
141.441772
94.650467
233.894592
485.546448
61.622169
191.769211
77.204597
303.678040
514.354370
347.905029
933.010986
695.494324
538.534912
640.699280
214.804550
438.032684
361.603790
872.747192
765.677002
425.299011
604.830505
458.889130
973.088562
163.923431
23.706186
29.504532
29.602619
14.052983
10.306627
13.571235
6.611484
20.363459
13.438428
20.718477
28.137407
21.376432
29.935068
13.513078
26.954302
26.316311
65.343117
58.375072
70.376045
30.040215
8.572828
23.548904
41.419617
67.863609
46.098511
68.241783
21.034452
29.406572
38.734184
21.535332
67.229965
53.012249
114.076622
50.987747
147.541046
80.033737
335.466156
393.484283
277.103394
158.654831
266.494232
350.949127
169.830154
179.860870
242.531281
378.321289
237.226700
299.798645
305.163269
222.951370
134.659729
134.553589
319.445862
52.747021
244.963974
209.209183
204.258530
122.181747
98.123268
236.674271
226.193909
264.370941
67.917473
158.129547
8.676974
2.487902
4.701245
11.072283
2.588868
10.722669
9.176908
5.725976
12.833916
9.992171
10.266814
4.257823
2.968998
13.435945
1.676406
6.725089
257.676117
192.461746
104.058167
82.991463
95.959435
272.075714
83.748901
294.574066
190.206085
85.130600
282.396820
298.910583
150.727859
48.823624
173.534164
255.229019
23.167070
53.933525
75.693138
11.368029
86.505157
25.224350
32.397484
24.601221
24.981758
69.331024
42.995453
47.247959
36.374100
68.798271
33.125259
15.149620
355.863464
353.848572
182.195480
237.828598
112.518349
136.552429
249.338898
148.834915
328.559692
92.586464
381.852142
434.770569
242.039383
55.582176
399.226166
71.013702
502.210205
115.133591
190.425583
255.693954
111.556450
103.311829
313.215057
466.094543
467.969177
382.672699
121.140114
184.438187
506.495117
585.651184
671.942383
603.938599
263.004272
346.375732
373.521057
581.223938
768.507324
287.318939
738.700684
831.338379
440.368256
579.046509
677.321289
219.624985
346.956390
128.366364
667.474487
559.618958
328.761597
285.942505
564.860901
718.992920
745.022217
596.167053
391.123505
648.267395
746.190186
429.249817
444.016449
259.245789
563.046387
350.118988
323.818512
361.944824
102.778259
246.465897
189.579666
386.297211
226.376175
324.226929
67.297974
378.573090
344.443665
202.383972
278.009064
397.831482
228.477509
128.779419
159.110275
149.538803
39.993164
87.609505
79.961090
105.168137
164.974701
173.404297
295.152069
160.042297
196.967209
224.626831
326.081787
219.739853
328.797791
161.386673
240.786591
290.628418
176.532272
632.897278
574.001038
432.478790
246.237259
183.135498
73.449570
338.454132
291.184906
335.599701
575.218933
469.586273
447.226654
267.930878
508.006805
333.316162
849.052002
674.553040
499.008118
384.125458
240.955933
847.768372
698.751343
408.490173
228.214966
746.767700
768.446350
119.892952
212.122360
471.909790
807.881531
618.407166
182.562805
63.408939
150.856995
350.878204
243.228455
314.478821
111.578552
155.223953
129.772202
311.853821
401.817993
244.849426
164.514313
332.866028
346.741089
323.793396
154.701187
255.646820
174.110321
415.500092
93.367409
623.150635
155.540131
244.082962
262.630493
271.201324
787.493408
234.469101
728.086914
699.381348
668.294983
652.649780
342.618408
697.869812
648.673279
507.604340
430.865570
106.124763
781.567139
534.076050
99.847466
385.488953
706.555847
628.065247
291.816071
507.580017
185.199280
272.327240
486.446533
605.436462
344.114044
301.442963
444.770569
518.812500
348.364288
428.764679
410.279510
140.675888
184.493851
452.444611
503.919769
244.739334
507.343567
294.190582
128.880325
410.053558
160.625870
331.821014
182.573975
276.667938
113.720306
336.142761
380.095520
366.134735
259.109467
115.598335
100.155472
201.263794
111.276596
227.748581
896.614014
560.887024
575.225891
306.724091
156.338593
130.746735
560.674194
957.587585
775.943848
928.005310
965.781250
143.755493
682.993713
576.183594
345.404510
404.808533
439.508545
464.387390
357.663879
250.152695
398.430145
351.867737
65.552666
505.213104
352.402771
396.631866
434.440613
70.486824
418.166809
456.376831
132.684006
266.381927
257.308868
155.085373
111.895348
182.417786
26.373419
206.863770
119.051140
217.296036
176.233597
90.300339
223.785187
177.148468
79.449638
186.488571
97.349739
183.502853
142.158585
305.972168
223.443192
114.146576
406.406158
365.909027
53.850231
182.793976
202.759109
287.970367
84.751930
66.874573
404.995880
387.007904
56.408089
207.335602
894.449402
814.566162
409.548187
452.674744
408.011475
189.429184
230.101990
268.097992
682.261780
792.978088
618.092407
751.214722
296.427673
593.257446
691.952820
835.955933
247.364182
510.184052
571.032288
577.530640
104.286751
300.600708
518.091125
560.444092
711.428589
207.737854
436.725372
809.858215
126.349350
733.627502
456.356781
797.156921
106.744797
130.037003
86.301537
58.318756
55.204063
184.160950
158.594528
148.756058
32.257935
148.620087
130.704437
176.868622
134.091049
195.241592
69.399391
224.948578
41.575565
95.917885
155.032089
113.883858
171.516769
98.663567
187.758102
41.475048
93.166908
126.337311
64.927101
110.720238
88.569611
117.523613
47.765259
89.569481
290.903809
493.344513
152.390686
337.766235
256.978882
205.372726
417.198212
676.748657
182.762955
486.834686
700.344116
494.145386
722.686951
456.955292
214.983429
247.655685
684.067749
809.724365
398.607330
301.029999
739.292786
819.870300
224.874466
340.753693
816.480103
100.839211
93.493881
306.164337
622.897644
753.197327
347.288330
267.693512
50.559933
74.163551
21.165571
80.582115
104.680969
59.201206
23.407778
51.987148
33.679035
20.900406
83.409248
69.094215
60.343758
90.342537
126.763786
69.109810
83.447830
152.435715
77.511604
51.263542
71.102898
20.195118
175.361313
44.714088
121.613586
126.021774
108.348816
131.560913
139.301636
68.916397
29.805670
75.993622
246.715500
301.549805
367.433777
473.276398
282.990936
506.496765
300.993042
284.290070
352.329712
200.660965
219.191284
108.423416
355.570374
250.784180
164.399811
362.794067
926.917114
299.574615
856.072144
648.303711
909.101685
775.486023
853.754089
133.583832
506.301239
939.914062
108.631828
244.331177
550.943970
377.530121
346.248932
215.550415
81.587646
94.451088
158.178757
154.731857
137.577072
90.265953
165.784225
119.078575
154.806213
182.843414
131.644592
113.629402
151.720474
54.039070
29.544365
108.700722
88.780128
42.599556
49.613361
81.728203
34.439468
94.557808
38.259491
76.511414
88.654884
66.271149
83.280174
12.622067
10.977527
87.426926
68.566429
41.189171
24.995090
66.733978
40.772530
26.295301
29.212515
49.839020
53.741592
7.552060
22.484072
45.586613
67.882599
35.400661
49.222927
52.911713
63.721535
66.660126
110.749771
422.855438
563.559570
569.518127
639.604736
590.205872
305.415131
360.752869
570.757019
293.222748
493.905640
366.770416
167.228088
425.116913
459.747253
161.485870
735.712769
799.755371
267.858643
469.439545
531.085388
398.027191
610.449890
586.615906
260.936920
196.759857
167.258575
439.400665
337.882202
406.539307
131.037186
298.726349
216.581085
78.735420
196.375000
134.113480
102.605377
94.261246
207.567459
170.502686
148.921127
31.853659
119.232796
135.714142
212.868515
152.907578
92.922287
37.385986
126.228821
178.315659
177.441772
125.817154
172.819534
28.779049
50.070232
241.568100
151.383911
167.345078
83.855904
81.732559
227.686951
140.247208
193.973495
112.773773
546.268738
264.221893
143.389862
146.371140
453.397430
282.832275
603.567932
548.143311
433.093140
691.718872
503.424164
364.681885
436.910065
179.120010
764.105164
182.507828
138.983643
52.030670
137.257904
177.062943
121.117058
92.563232
195.995422
89.467033
88.677475
34.925442
154.977859
49.255936
62.373890
132.390839
151.740662
80.003609
104.742203
57.582310
172.986313
44.694553
155.339478
151.156525
42.167355
98.521027
149.268387
160.868332
86.867821
147.467392
143.318329
108.373238
31.879417
128.285843
125.270103
140.474579
75.093727
90.962051
92.605667
41.477509
31.023928
38.866112
89.290436
134.439987
46.556332
96.824692
88.742561
45.956470
112.876976
112.677025
196.544922
83.496201
116.892639
140.089340
72.451393
32.019299
137.442780
65.769485
189.961273
169.188400
217.881165
176.171646
24.190983
73.761574
116.014816
141.779465
438.891296
306.070526
338.553711
189.738907
55.515415
388.144897
171.049393
437.791077
261.801514
309.329834
387.608551
471.071930
497.050201
260.192505
180.332260
336.793396
849.259705
438.721497
546.687073
730.419678
341.842590
457.686829
749.054810
783.211243
788.070557
621.251038
138.389816
697.419067
274.921387
103.148262
310.210114
769.246765
37.630974
184.433731
242.258621
164.628601
39.691704
245.674728
206.119797
97.108597
237.134460
180.208542
133.745331
85.000084
174.005615
30.459913
153.744080
111.402313
88.221611
49.377941
266.025574
184.082047
284.013947
147.029175
279.830048
95.906830
125.868736
200.930084
109.807671
214.887146
210.807648
162.825226
240.817734
108.466576
124.946243
101.155144
176.775558
325.658875
48.381027
174.076111
303.370453
292.986603
140.701996
39.346889
313.691345
242.866928
252.476959
122.687706
211.859329
263.958588
134.346237
330.430481
80.542534
172.970428
507.311615
467.597961
245.541504
185.186661
440.768738
250.785339
185.041397
53.466377
308.859619
486.452515
473.495453
436.483612
129.186859
220.769531
530.779236
727.403076
321.998627
488.521027
548.770325
303.937775
611.948486
486.080383
823.123230
299.149445
444.612488
360.282043
246.593994
127.048370
55.358833
298.047058
76.586784
125.409767
108.276810
195.936249
303.079956
226.093948
241.839890
480.023621
447.395721
105.714134
56.362770
96.005020
144.695892
398.916199
132.570267
309.194397
369.600861
216.802032
116.882919
57.449841
277.717834
290.439728
180.583054
149.479996
267.565186
367.269257
73.091911
375.305328
400.137970
341.734863
141.349915
221.761871
74.118813
176.328751
122.293083
51.460571
184.282455
144.725311
263.659180
162.805252
136.939285
136.983032
121.250565
179.893707
97.710205
58.298870
123.976814
81.433258
109.000069
53.994583
62.083626
184.997025
173.079712
181.216797
136.598923
177.869064
91.364357
112.956497
255.708069
103.882347
91.828873
47.307106
445.227386
157.622879
60.936497
421.121948
367.046356
83.189941
320.687439
427.398163
394.694122
275.680817
245.798859
176.848450
517.573120
388.653076
229.057327
533.976624
449.919464
179.353882
128.163696
794.618958
519.992310
442.133575
660.681274
908.794556
363.136719
735.979187
512.077148
367.611664
190.657623
545.910767
240.709671
314.326263
659.858643
694.413208
337.467651
559.898804
685.142456
641.694214
800.117310
742.031067
360.400513
193.105850
457.055725
580.791199
113.617043
167.799850
415.559174
106.209328
178.434250
30.695812
112.886978
132.948349
149.264603
81.186974
35.832130
47.127995
43.952450
88.692345
68.389023
103.531715
47.793350
71.378067
133.724594
53.998260
699.623718
849.850891
362.785522
330.818573
840.018738
458.536621
470.639618
872.534668
371.220215
328.597626
812.868042
776.159729
906.797424
432.209442
422.601868
321.635254
98.104439
509.557465
379.476624
363.197754
292.865967
77.313683
423.021759
537.048645
304.617920
197.591263
483.130585
266.588959
264.985077
536.314148
312.667389
141.694565
17.102325
26.871778
13.013520
18.486872
28.522486
30.102386
10.334002
13.753993
15.263088
21.733688
26.620121
22.454538
8.940925
24.036146
25.462494
8.198747
288.759674
420.519775
266.252441
334.727448
122.241341
415.382812
221.555679
385.231934
352.009460
196.065125
462.709839
359.017609
218.854813
353.580566
147.908432
521.599365
147.949310
69.706863
56.873535
88.793381
256.550323
256.730164
145.873077
45.192757
41.661545
92.528938
35.163139
67.990303
55.655598
278.808380
36.340210
186.277634
35.344471
109.397751
314.917603
314.010132
88.463005
302.940765
68.956863
170.494843
259.211426
111.284569
185.858963
60.654842
70.753830
186.847305
276.543243
64.527321
424.754395
458.969452
470.951385
81.516556
659.356079
282.790741
685.538818
273.582428
143.511932
156.248276
319.845978
799.389343
161.906418
395.664948
257.362427
621.945862
220.728195
73.379173
61.509491
256.254730
134.102448
180.618759
194.614899
244.742523
185.082489
212.249847
158.345917
165.348572
177.493225
138.905304
222.506363
210.114227
24.529154
155.979660
171.304672
102.193001
162.757629
35.014957
31.723679
134.792068
19.813372
109.737221
180.036835
176.077011
142.521423
83.977837
85.926895
73.306900
23.008560
32.547501
31.564116
20.798193
11.063089
25.339445
26.834393
32.002602
22.166210
28.085737
34.391182
34.121937
38.949100
44.181416
20.796911
8.736050
162.247375
118.901443
665.617859
255.189880
208.285889
717.594482
540.219971
418.452301
703.794922
847.632263
384.554504
552.456848
464.346588
542.167297
259.012390
395.781647
115.829521
216.527496
345.843140
179.523376
156.484650
338.842346
395.655914
84.645317
338.577271
301.356232
46.375988
416.622101
306.706238
400.801056
322.888763
400.933624
42.724636
75.625259
150.982086
109.260925
154.696518
104.439026
99.822945
171.480042
165.932907
171.357544
72.567467
94.089592
160.165253
89.130486
50.942440
85.411156
167.940033
216.504730
723.219971
775.632812
367.680847
596.487366
221.857803
263.285065
267.756714
455.694946
223.384186
176.066406
492.672028
438.281311
779.395020
563.294006
65.703255
37.786686
71.809830
183.201584
46.823296
43.075314
176.887726
57.675068
105.989838
65.871323
182.400452
22.492237
118.365456
36.033146
140.091415
74.202034
69.209137
364.442291
357.907593
272.183411
133.513992
270.637543
358.996704
325.023224
153.785645
50.518456
227.213333
104.845573
109.529953
306.379395
206.941666
247.203934
29.544142
23.524462
16.048838
14.274435
10.256136
3.625425
13.012675
16.409588
31.005262
23.793730
12.114254
18.120989
3.889514
10.335535
20.798992
11.483374
70.517044
83.401825
95.138840
72.505234
96.517120
35.646980
157.862686
101.900581
118.992249
29.288633
62.669960
142.879272
24.668747
19.755915
169.349976
163.529495
175.251678
408.644836
50.118896
139.613800
225.208237
188.134674
267.071625
242.588837
288.378113
233.733368
146.817612
156.867355
47.145897
196.748749
451.562744
96.035217
554.862244
159.264069
205.531113
272.659607
669.703613
528.818237
269.824249
120.019714
501.009186
575.291809
290.798401
518.903870
594.669861
517.871094
281.804108
541.924744
10.354542
40.899754
90.515686
48.889713
99.132805
90.577553
75.466660
40.947563
92.144051
66.523308
59.365810
43.582760
22.169333
53.800121
40.753510
90.074142
434.388123
234.368866
323.271057
302.889648
267.655670
330.363342
439.447937
146.944839
220.866547
307.054047
388.195953
314.316895
185.788910
391.706543
96.431908
219.587372
95.638199
56.724068
127.052979
359.511780
98.494087
53.550858
376.012451
240.590439
63.334923
236.327759
160.086090
338.896484
76.070068
146.092239
76.630669
52.630627
350.738037
595.082703
407.921173
743.514038
684.806641
406.835693
757.832947
182.445053
125.977882
602.611694
590.671570
684.321655
128.356659
510.231842
474.342285
393.602295
143.336334
57.918377
183.602509
169.383194
122.977196
252.394806
74.821129
63.919655
223.956192
228.601166
58.749660
202.182404
186.650543
87.057030
147.033356
159.101547
819.112549
680.566772
867.738098
212.532990
814.919800
658.363586
757.302246
527.201233
736.760315
811.781799
772.860291
811.729065
886.038574
473.512787
692.881348
122.296272
68.727676
212.180573
218.092163
68.997017
33.230476
98.258034
35.937656
114.494209
111.068794
49.363056
162.408524
212.525879
155.709641
101.220741
135.840866
189.535568
313.361328
289.254181
427.509644
129.492874
493.314911
385.167603
518.426514
394.465363
865.636292
707.729370
875.423340
923.792175
628.222168
274.599304
504.930634
723.362915
109.320381
524.767883
799.253479
388.587646
468.160950
546.236938
837.337585
124.462250
476.299408
232.628815
696.327454
810.410645
580.795227
286.023834
737.913208
309.666382
4.462891
7.926551
13.290780
5.785003
13.500137
6.272957
18.614119
4.712593
12.680156
7.140372
6.295856
10.544604
2.427112
9.390960
11.849270
10.616026
165.124466
424.021576
105.398102
359.872986
124.800995
378.490845
98.018982
161.003159
240.223999
72.178993
435.836029
332.083527
318.829895
194.745605
64.237282
196.250214
114.282280
43.206680
125.969803
51.103355
75.025475
150.781616
138.972519
155.091904
83.347649
124.030174
47.876163
100.141212
188.391663
58.740307
77.003784
124.339630
725.250610
542.350037
246.045883
700.098572
607.513184
614.143005
565.593079
609.499573
158.181366
829.805786
585.663147
651.264893
484.771149
616.542114
483.016968
484.977539
448.586365
423.123230
255.116577
188.624634
225.299057
386.949310
73.946678
208.669815
149.222473
374.324097
196.394958
416.554138
135.245895
226.888168
448.561340
358.533203
475.800018
265.832153
552.777466
444.586823
200.134613
312.692200
84.241386
84.660355
440.703308
544.156372
398.709747
262.834930
586.568909
447.084534
157.125854
360.309631
392.193359
148.998352
557.978394
102.101593
95.036713
200.738235
236.334381
466.550476
544.008423
240.106567
515.029602
480.935974
475.197754
366.954803
345.919983
159.116165
328.559570
516.377197
585.594849
144.390350
680.248779
426.784851
219.954208
897.665039
325.245148
646.462158
278.714661
293.719513
231.053680
103.049911
176.686768
111.991165
28.875387
74.798065
103.469482
89.171005
44.134541
61.802837
64.904564
131.526520
77.304016
103.998230
127.586983
134.862823
86.266632
111.080437
109.427177
64.319962
272.316986
61.859394
260.561859
376.933075
212.939987
57.275349
117.787010
80.955803
95.570282
298.459656
308.467407
231.389633
377.103271
196.646210
361.093140
253.311356
598.460205
648.182251
880.660461
178.523712
141.807404
266.337708
127.601105
452.920563
679.521179
640.903992
176.672897
269.564148
569.322266
805.852234
292.249207
412.502594
472.845276
280.635803
440.963135
257.819977
148.340744
476.878448
245.687103
436.996613
214.538269
491.811218
513.943726
285.635590
170.056595
379.465424
560.075317
267.086304
462.594604
370.438019
64.610619
353.059387
361.514252
250.935425
414.769379
100.744225
414.814728
540.684937
160.518204
122.388092
429.697723
186.366821
185.595444
296.007904
202.589798
127.306221
811.635315
433.220032
416.337097
514.448303
440.686554
315.705383
211.150146
765.908752
496.162415
126.236176
139.029160
705.296631
466.272522
96.988297
682.541138
358.809357
430.687653
111.752922
111.194229
236.437042
549.958252
204.880707
252.542725
491.661896
304.674255
267.453949
159.164490
127.338432
673.197510
366.284241
82.835396
70.455414
64.298553
16.393755
92.432373
15.129251
31.680994
93.224754
81.424568
11.567659
15.325277
50.355885
59.618786
99.610779
62.992638
50.830765
646.814880
341.064331
466.652832
330.796356
474.569031
626.047913
230.804337
424.782990
545.289978
689.251648
746.638916
226.751740
625.690979
157.962585
226.814728
433.266144
58.850082
29.057566
65.095230
27.397776
68.739876
113.381859
43.764206
174.316391
132.304474
91.883377
173.158981
101.738693
133.634262
141.992325
178.655487
29.348154
329.659210
378.615204
141.832611
162.760361
195.086273
305.654572
444.064270
77.106049
334.629547
437.524353
328.986542
139.291382
379.325256
361.337372
343.959839
134.458069
404.143860
207.120132
596.457703
150.675186
283.545258
139.102875
348.085297
219.667542
663.904663
420.665222
97.965042
128.560852
477.330963
298.557983
240.953979
464.985931
245.243073
200.132584
95.940491
292.893768
373.012329
88.027908
367.318756
264.338379
391.582092
218.994308
287.462982
354.836731
207.475815
119.765839
509.526306
320.193634
314.842560
296.132935
456.806152
778.332520
670.280029
274.657379
220.192642
810.467163
255.542999
780.963562
393.931091
767.246155
506.728424
631.601501
681.366394
385.610718
241.994049
395.561157
599.683044
413.165527
504.281555
95.859909
463.844818
365.989349
382.669067
456.945312
411.991913
419.709381
335.475098
619.439087
138.697235
609.356567
374.493408
316.812683
357.944580
63.729290
260.618652
199.574097
121.410019
447.506622
339.473511
176.357635
278.939545
372.345978
336.785461
261.654846
400.337860
510.413300
64.459145
91.239021
143.566116
28.992731
164.187592
46.815365
59.296528
117.433990
116.177170
131.810043
101.801117
58.967823
85.486664
113.673210
60.761204
41.367546
47.086403
73.692451
146.887497
131.319946
21.136105
37.621712
145.213150
117.750252
113.938148
64.826683
131.542908
130.095871
140.666595
106.209015
140.268784
45.665607
120.880272
17.658085
24.746809
57.673500
83.118332
111.367844
64.535255
82.952156
130.048187
71.567238
27.543388
92.894203
71.867157
35.142792
40.545460
69.629898
267.661713
516.988708
427.620911
648.116272
514.167114
448.423798
818.233215
229.416183
722.247437
300.648804
444.627472
798.943726
682.103760
306.651123
97.185661
655.375488
135.477829
81.569489
77.791809
118.574722
153.740524
109.640968
137.990005
64.158302
131.893036
153.829910
74.301102
93.998657
127.466141
63.316204
90.616150
69.380249
373.391022
583.814575
376.583099
790.463379
665.592468
385.221954
233.345108
916.347595
505.456757
203.780426
515.058289
203.248413
361.534760
777.796387
579.634460
197.725616
120.828667
166.596100
117.792908
60.630993
82.703781
73.832153
22.362864
100.054276
53.838654
69.484138
125.440063
138.909225
102.207497
78.596031
90.415627
160.464508
808.147583
575.194519
346.548431
519.559448
521.915588
793.909424
724.593567
466.913818
251.340424
368.412323
577.221313
878.704834
122.563896
538.661865
816.584045
762.570374
544.048828
269.048950
162.514404
355.417175
555.939941
316.419220
453.652222
246.043320
797.838928
260.822266
707.903381
272.689087
314.016724
484.229340
382.111481
621.049805
376.487305
366.665222
133.860855
484.444885
580.047852
318.889404
261.411285
169.795364
409.718201
244.881409
301.418396
316.784668
153.008820
195.137756
566.101807
253.146347
638.029297
524.322327
154.716431
549.235535
537.389221
193.270889
159.778046
422.982269
502.406616
98.464249
348.063110
301.664948
192.373444
209.281403
97.853989
263.092529
184.157272
174.660767
222.949966
138.596359
213.315735
110.861053
120.350998
82.797829
45.933292
185.829651
45.638165
181.415878
35.984261
115.635536
127.925903
187.770935
455.049103
237.962921
301.399872
334.276886
286.428864
346.892181
59.314804
275.641479
208.780380
293.405884
58.606804
405.089935
355.748657
460.417053
153.736481
126.047173
322.591827
475.503632
184.902832
735.054077
437.407135
575.963745
374.149597
238.116974
520.514832
451.709747
918.543030
760.031067
188.452194
326.456696
293.749969
541.495483
44.421436
50.977108
96.562576
138.364807
82.867310
173.365997
136.357864
45.353756
167.781906
126.597961
163.812195
20.019224
55.771187
129.291870
90.958855
157.855164
274.841858
188.019272
207.473236
128.104965
282.156342
253.821518
68.875961
389.048248
130.874115
168.859009
333.007965
261.835266
387.481873
314.742767
287.946381
259.010162
218.962570
71.451614
65.296478
235.909592
260.603607
254.489273
226.244232
48.365780
39.835125
126.709038
267.395477
93.835396
72.725090
36.863678
278.824097
146.725464
137.149475
337.741638
223.101227
193.689163
119.645012
110.792839
171.720535
119.131012
53.853371
157.909241
343.938171
221.511642
155.225037
291.320068
193.413132
292.966766
28.640411
52.048481
18.883968
38.364510
48.326569
72.171288
27.785595
25.128738
75.077660
71.300301
9.915340
67.449013
82.064041
29.767841
64.184540
34.668011
54.724751
69.247032
40.674328
79.095886
149.674286
150.040726
42.581856
92.237724
117.045578
33.415699
63.258411
165.085068
107.979820
41.005638
42.847904
67.896706
7.914106
50.039608
24.930990
14.473866
6.047249
12.500937
21.160910
6.148775
14.078370
26.579643
36.927670
44.833019
13.905625
26.172026
40.562885
28.549541
149.488510
260.389893
346.268616
222.056107
195.360352
434.114594
409.845734
287.324677
529.884705
530.583374
628.762024
640.197815
502.619019
251.546478
165.539047
634.810852
152.081284
137.948410
28.616514
118.480118
181.402756
113.729485
138.864380
59.557743
45.326538
127.836487
76.283295
76.459244
65.814301
25.858248
95.901657
28.978762
329.560730
134.572739
242.406342
335.931458
377.934296
447.528931
480.393066
301.485626
88.849998
56.044445
399.609375
194.208542
275.885590
422.265717
81.351585
161.461578
621.721252
614.150269
505.921021
795.986084
115.197609
500.740875
88.544296
155.930252
520.221741
183.911804
103.531250
366.566681
701.814026
390.762756
356.095734
669.648499
186.261017
78.177094
34.756409
218.187500
134.620651
97.565208
51.646873
251.483932
182.886276
176.704788
215.021591
124.062019
124.053665
200.854309
63.675690
38.766014
491.698761
590.186218
479.822235
447.578247
643.729126
262.444092
407.291199
189.178604
550.920227
496.911530
585.152588
553.517639
357.348846
358.764008
452.862701
537.377747
42.977734
50.107929
43.930851
48.160320
35.814438
24.770824
53.786377
35.718468
48.777534
19.379738
11.791183
29.182314
58.312042
39.739441
28.909285
40.998684
21.335115
43.860531
68.675415
111.526176
79.275383
93.463089
85.805611
87.457603
97.839897
63.863255
59.626377
69.643288
118.938766
121.236008
46.752491
81.250000
58.788982
413.952209
102.883255
553.462097
273.954407
177.151321
470.122101
282.187775
490.537811
149.371307
362.127716
447.465088
539.099487
143.440231
460.379303
436.182312
196.664978
298.883850
42.988468
145.912231
140.884521
278.110565
273.329132
202.491013
159.712967
95.422775
81.689980
279.936493
165.759827
222.253662
283.444000
274.577576
164.463165
460.514679
144.123337
290.338135
257.883636
483.388062
202.841202
444.189301
320.598083
393.535980
108.368057
390.467194
77.572845
270.444366
601.680237
345.969360
516.386536
342.425812
144.134766
428.540558
335.314728
212.918594
195.959991
165.449371
155.490143
397.694885
299.759369
558.662109
169.954300
637.982239
151.338913
161.167831
220.341660
373.404846
72.819153
501.008392
328.072021
153.456650
151.243439
386.409424
382.105103
419.607727
379.113434
451.874908
468.329071
491.010742
134.545074
208.985565
44.310528
28.657578
55.538204
26.980854
50.905994
47.319080
15.129713
47.783363
21.006203
75.279495
31.411436
67.665260
60.706333
21.223751
31.233683
15.591342
212.765533
605.153687
298.624756
357.398254
406.097626
663.400574
511.029053
404.105682
243.629059
234.012833
662.370239
418.117920
165.989426
167.477646
626.584106
197.471146
24.602795
173.557541
81.623199
25.293467
78.360031
164.463699
132.017166
33.000957
81.302895
94.831039
79.391037
164.218460
98.644745
98.424530
71.628494
138.903870
732.285095
160.165970
554.561035
483.545166
338.953186
216.774689
98.263054
284.015167
325.587524
542.887756
200.132721
348.717041
533.102234
157.822632
499.796600
317.082123
616.695557
477.661469
188.115540
775.784485
99.743881
654.429749
212.821579
221.823792
418.021851
441.427582
591.389343
736.624939
627.948303
800.515564
283.938995
646.027710
194.064178
187.775543
157.268051
125.659714
393.759552
437.807587
500.446320
497.281342
415.790436
460.760437
431.298767
212.049423
142.365204
301.741699
283.618866
311.332916
321.971130
345.833679
205.604294
118.508888
171.371826
255.615524
141.004517
80.717659
119.333763
252.268860
84.017174
267.128479
386.947998
345.150208
284.109192
359.550232
156.866806
194.374817
90.634674
172.686600
35.365280
192.433243
166.443588
164.239792
206.011795
219.059692
39.248436
34.834625
152.197021
186.608521
30.907770
26.044462
221.559952
72.533318
193.611725
381.465576
201.763290
491.695648
366.250336
438.480591
224.854294
494.208557
198.943954
254.288818
75.015556
264.294403
518.663269
305.695801
244.142868
158.298004
195.521912
244.789627
243.163971
265.975525
71.107178
303.514069
152.887909
300.988220
158.298004
48.785065
255.111633
273.413330
168.506393
84.033722
13.763882
56.731483
93.922913
65.929657
88.135818
70.993019
66.402130
47.164616
90.670235
67.136780
86.218620
33.645924
96.653961
63.212261
40.083004
50.256165
260.984009
279.925201
245.029861
175.771744
102.793297
77.368553
49.033932
212.504089
216.170380
65.458900
223.973785
241.934738
162.758347
115.482521
263.322723
33.342216
889.505493
678.296814
876.679871
473.262512
175.236130
660.401184
471.631073
690.720825
512.366821
267.927002
745.386597
196.946823
573.307373
758.086731
798.948059
769.431519
66.693924
240.190201
178.481369
241.890259
140.517105
405.580231
78.087708
190.697037
314.790222
54.343151
117.324211
339.863312
339.761963
270.825073
144.254974
365.960938
703.393738
271.144836
209.487076
422.301819
112.104019
295.317078
142.771744
721.144836
346.463013
196.570435
400.608795
765.671326
759.473328
257.434845
305.333038
230.114044
372.193634
200.652832
364.359772
492.211060
178.968948
523.096130
339.571289
458.012299
497.728546
171.601562
136.550232
191.339050
354.740356
400.360168
158.555847
331.785675
153.886932
211.656464
165.273529
163.116501
190.846710
110.207191
63.879566
34.600727
250.102661
42.164139
61.943775
53.619873
171.945099
156.845932
48.607555
127.643135
182.844879
216.592316
112.499405
211.810669
294.876556
108.698608
205.986862
362.105804
359.490204
187.136108
133.546860
162.921326
294.917450
54.118282
71.865570
68.994537
31.544514
77.653679
121.084663
32.482731
61.541912
117.314728
56.816704
73.141701
121.195541
139.976974
150.655594
109.007233
23.232752
70.548813
114.918007
19.714432
121.657089
683.760498
317.314423
544.052002
452.968994
779.878235
735.502808
533.088867
513.538391
549.304688
506.280548
287.999603
397.848419
160.910614
255.568039
207.138657
444.337311
170.259628
201.323227
611.981873
646.470520
448.092041
507.288727
176.670166
275.612122
413.163818
611.652161
82.087357
110.861481
520.604309
189.143219
472.598572
111.901276
188.471481
62.459511
45.751034
50.377544
182.778214
110.905251
166.329071
171.627441
199.675293
85.315056
25.140968
143.909653
172.205032
142.336044
165.244629
867.809814
315.952759
951.108948
833.842346
814.944763
164.906082
591.867859
146.115585
135.087540
352.891327
429.659332
681.778503
766.389282
481.908691
517.615967
596.418274
86.903442
148.693359
159.931061
250.440475
128.832016
55.891243
203.761520
236.241394
34.848801
167.191269
37.419399
168.189972
148.050720
215.754745
39.842365
80.694054
149.091217
101.102379
188.756821
441.110168
112.519485
440.891571
415.148438
136.211243
417.115723
251.088501
90.828667
594.173340
178.483109
537.945374
179.542435
221.747040
128.816483
179.558578
322.440918
131.338791
292.173370
252.475861
220.383469
145.077652
153.848358
256.803894
185.711456
192.724197
309.456818
337.632019
42.542511
112.889717
168.218765
125.504128
252.914154
102.206367
57.613483
356.989105
293.713226
427.840149
246.582825
129.210876
407.552582
131.636429
267.803314
93.748024
400.251038
385.113098
137.549713
73.102516
245.479156
136.901489
127.741051
111.091904
158.744965
273.207825
167.086594
77.930084
258.068359
262.708282
80.284164
213.102036
300.441803
78.237144
338.477234
193.787064
309.720276
387.776794
440.963867
158.799423
434.906281
215.368103
246.814392
266.558167
101.245544
305.473297
447.673828
457.365997
348.781799
306.871185
126.412903
164.392166
101.322632
118.635948
152.122116
46.299393
22.441282
186.920700
108.033615
125.083313
93.826492
38.774605
109.919113
70.667564
204.491913
120.349518
187.719482
342.888397
510.519104
155.915665
85.200005
649.353271
585.472229
675.689392
775.315491
88.640106
283.449890
228.180496
459.601105
616.501465
597.660645
358.813080
454.102203
638.718506
540.064575
217.065338
601.051880
213.144562
706.232910
405.443817
808.377014
624.621887
728.511047
715.706238
804.002930
105.787872
809.872803
333.487396
45.446472
65.275574
155.467041
105.912804
135.955460
113.554443
184.816437
176.211655
165.394821
134.812378
42.017262
24.442547
111.167755
106.267365
136.775711
84.146828
254.339722
419.503754
224.017868
423.468323
155.774094
569.185608
223.986526
546.651855
171.318939
420.710358
157.936584
342.265289
518.805908
482.435333
397.393097
59.747036
45.497143
22.402874
58.753510
23.961697
22.973532
38.038498
36.200729
57.668716
46.188129
40.660236
53.812683
6.814655
20.865931
6.942278
20.831291
19.850418
354.398712
170.926758
319.960175
165.810181
58.289452
324.734955
247.820511
133.329208
352.265076
262.134521
237.866989
229.446381
214.158783
102.650429
208.534683
156.415970
169.445572
570.110901
621.049438
571.343079
224.212769
280.828278
685.234192
214.245102
352.912384
777.231689
516.993958
749.286987
734.192444
503.967773
610.245605
751.949402
102.993835
168.768707
162.734146
90.998833
65.847618
148.571152
155.692795
157.564316
93.080353
208.082916
134.290787
52.518463
48.219532
85.489281
175.803879
143.092484
569.214111
94.052422
593.126282
736.052612
806.198364
116.746643
346.945007
784.075867
510.701294
305.931366
272.449341
518.730042
779.850220
309.858734
349.430695
850.865967
468.180969
612.195557
598.998840
543.913147
492.616211
696.526855
188.942551
610.726868
271.571075
746.738281
683.117310
411.860748
109.506790
102.355019
400.579681
338.491241
48.217419
68.653885
73.182259
52.306812
60.481400
54.012302
9.694779
21.954559
16.596550
9.339819
46.644253
36.732670
34.917961
57.545101
70.552612
11.786734
750.101624
765.170959
201.506119
406.379059
255.820892
857.132080
651.798340
661.257385
130.875229
479.964203
633.991577
665.160217
660.308777
869.653748
489.070862
739.531372
215.324860
162.784393
423.098511
197.516281
314.991150
577.817017
664.162903
87.432480
619.713501
726.441467
642.566162
177.257736
701.488892
268.380035
232.289337
447.083496
548.229614
105.428276
194.233734
230.571945
674.867371
316.561523
275.147064
534.648254
367.956055
146.900192
133.855209
452.470642
241.797134
677.702454
249.842499
120.695305
141.966507
696.174316
397.890350
292.831848
236.658585
480.637390
540.994019
486.373108
670.074158
925.655945
556.833069
226.871017
825.885925
908.317261
756.688904
142.466400
98.709450
248.361664
583.588928
221.831573
816.511719
106.070129
329.554993
791.742798
806.012573
817.098755
817.708374
294.896545
370.512909
195.527298
368.390503
305.869843
158.261032
340.034760
371.930023
269.569031
356.767334
310.717651
218.235382
83.034645
194.980804
65.766014
220.060532
368.190399
291.087830
187.220779
375.286743
305.880402
308.053009
614.182251
364.273956
551.771484
255.245255
617.542419
346.376617
393.277527
331.361969
150.991531
173.115616
336.543701
313.075562
582.685059
587.177063
435.615692
567.214539
475.886108
461.284485
768.410522
703.632935
828.266174
806.883301
909.450012
148.744415
461.339172
576.073914
328.037964
644.761658
789.027771
409.303864
734.558838
423.499878
160.423920
898.379639
776.072205
154.040451
929.301208
434.224121
303.439392
401.106628
809.904602
823.284424
813.351685
823.897217
361.375854
743.005798
727.098145
44.470062
131.355072
75.067856
179.711060
230.106216
90.499962
261.267609
134.962051
197.520493
164.535141
109.805466
294.939514
176.483231
103.831413
131.211624
99.240723
726.681641
523.025391
460.273895
520.606079
328.592865
548.147644
434.806061
151.246902
558.840210
458.869812
447.615570
130.099319
245.406601
232.510681
600.012146
589.967590
326.665527
522.833252
97.346809
74.757210
105.887184
321.678192
507.463837
82.270775
521.187073
311.051636
101.714790
257.071289
342.866150
185.081177
168.359009
229.575851
339.926819
495.398621
94.837746
453.359375
252.895477
119.579041
612.535339
417.697662
578.673340
503.436035
570.635925
419.759430
97.266449
78.063988
228.311447
68.419075
227.501663
699.444275
566.227661
702.471924
675.408447
271.989563
670.609497
318.701874
744.447083
302.430847
85.408096
98.177773
423.969330
176.711288
423.433838
607.523193
103.236259
384.169495
305.542419
180.507706
133.112976
95.905273
367.993958
351.199829
78.808426
170.452286
479.024780
450.148346
443.870270
410.992737
357.570007
262.043488
77.706017
32.422245
64.821388
36.031914
56.225914
56.757504
18.731651
67.685112
19.329689
63.166595
21.764715
52.502640
75.485344
68.881195
35.519615
55.509983
467.643829
258.995880
575.665161
749.046326
256.043457
248.188339
633.061584
690.783081
778.110229
964.249268
257.181091
395.349762
471.192169
472.140198
184.453613
518.972900
187.842529
233.892227
336.383972
558.272400
254.676941
461.762024
687.622620
485.641357
248.972702
684.551086
148.490128
809.975342
456.635132
820.921936
688.569458
446.612274
374.116455
476.157013
432.828125
137.549042
431.915924
340.614319
122.207718
229.597000
132.324707
678.932007
88.436066
118.372383
212.203262
192.404648
261.710144
505.367706
369.656067
468.559296
412.796051
476.401306
225.004898
153.358459
498.659485
549.677673
375.270416
349.335724
310.180115
476.672943
514.741943
482.051880
344.771790
116.358040
661.841370
640.901245
428.588562
378.038971
449.809052
469.821869
398.849701
435.446411
544.589539
238.315887
360.204254
263.267212
736.587463
192.898880
701.694458
130.445099
464.416260
201.611969
186.109985
524.395264
545.163391
640.865356
570.262939
480.328613
810.087830
173.685593
229.720718
404.596832
411.504333
789.889648
777.693237
680.121887
563.408752
572.399170
515.759521
527.876160
406.934570
136.098160
642.360962
95.110016
514.901367
307.304352
393.224182
729.098083
281.742981
149.706390
297.169708
276.103516
14.336065
23.428234
82.231766
28.756414
18.965853
14.584557
13.812925
87.787506
9.912918
23.436081
72.883255
67.473991
31.672918
31.772314
50.887844
37.890434
33.529659
22.720346
21.918821
28.694759
31.572521
7.253181
8.389479
29.913677
31.151909
30.939457
28.235519
9.783294
6.290708
18.063564
32.766762
11.922837
503.744629
338.464325
679.196045
359.948608
506.696838
432.783997
210.442093
500.189056
485.600433
215.312149
516.846375
669.391296
755.673218
677.105774
228.500107
639.696838
105.274536
115.058548
201.320923
80.703613
189.527939
89.711426
225.930984
231.683990
74.565773
58.109066
187.766815
171.316620
230.646881
38.117065
92.463997
60.470276
23.609516
69.648903
64.810539
90.233261
10.974536
25.037231
21.141861
71.241127
28.251057
103.646729
78.394394
32.551826
41.476513
65.953300
105.570908
79.249260
91.631248
414.472260
343.474823
60.769775
431.937225
107.771294
373.212097
258.492004
401.758301
202.858368
357.968719
186.892303
401.316650
398.425903
308.049683
424.563141
3.006028
10.745718
8.524332
2.554850
3.629067
9.066534
8.106672
6.140614
10.306699
5.328296
2.594611
1.918337
2.809849
11.507430
6.032831
1.308770
109.971260
124.789604
138.892761
191.807938
181.402817
212.243118
239.516190
148.948990
250.819641
124.667503
257.308655
235.983856
146.297562
300.586243
79.828712
150.161331
400.897003
209.430344
137.648071
434.264008
160.053452
346.202393
235.068909
490.759583
108.818886
288.827606
202.722916
276.334503
186.315948
132.429611
66.305405
62.519180
264.101227
234.292145
212.346405
143.733307
98.100853
198.089890
322.297607
139.313202
334.155457
105.577301
220.528915
183.814026
229.978439
193.853561
152.844315
155.813614
392.062622
263.454926
305.207153
314.177856
85.435524
690.197754
592.061279
314.510864
144.046844
460.602081
754.366333
423.345581
492.946533
113.180161
718.670898
410.732513
337.045258
275.731598
88.655708
326.256134
192.668106
98.884186
62.855686
116.629562
299.414978
168.710129
393.359070
65.647354
166.376114
93.037704
154.328476
303.613922
57.355427
28.955416
85.905296
16.716902
76.357590
37.297585
110.232460
49.642666
55.234085
112.506996
25.914936
21.332571
14.126000
21.775488
31.033464
73.203888
297.943146
302.195007
239.410629
138.081451
510.317200
446.579163
554.385498
331.123474
647.151367
156.042542
708.465454
653.250977
380.894012
180.599960
617.904968
540.020569
278.502380
550.904236
108.158813
200.151978
93.275818
851.617188
690.861694
88.648727
209.596954
171.554672
858.748596
128.503693
433.986816
414.262054
474.247253
697.826172
462.269989
60.729633
266.104065
341.142670
346.347473
290.095490
207.419067
409.282562
532.488770
157.080231
111.853813
183.366058
554.724670
338.986816
382.165192
154.447021
15.583280
31.083664
39.353710
59.782791
30.359440
17.367054
14.480078
59.739140
11.555402
60.342327
15.571374
18.154772
62.798737
62.288803
37.353661
14.763815
172.190704
854.134033
372.542908
295.780731
663.611755
218.722198
785.102417
326.949921
751.463440
348.190430
113.211281
372.295898
783.373535
857.937561
227.144302
325.023468
109.194008
63.860981
71.185349
24.806524
106.337013
67.274979
67.138573
94.302773
55.430191
124.198921
60.901680
24.571600
44.456902
116.745728
64.834785
128.931534
167.180984
158.950516
39.427475
59.304268
166.612732
157.120819
88.716675
179.807724
223.239410
106.026909
166.606476
82.728035
41.588131
148.771698
152.293686
139.985443
29.642742
52.189873
41.160694
61.487110
25.137568
13.800249
7.759701
53.978485
47.424374
25.293407
55.930019
28.121538
44.096848
34.225838
32.833908
63.723763
67.549438
87.817856
95.537537
33.782883
30.561638
66.645233
45.164616
21.584538
51.033497
60.451401
46.049046
19.773294
78.606224
56.845867
14.325435
11.847337
11.086988
10.779870
11.840687
4.531128
4.602551
4.130033
13.286058
1.623845
6.951233
4.814188
12.968039
7.512090
2.842167
8.325933
7.422999
7.190687
257.369415
208.252167
302.123566
220.120407
565.259766
231.744431
320.259644
464.778625
452.894104
570.078674
385.836121
432.853241
522.833679
169.733307
160.014053
60.688812
288.391083
702.205444
466.884735
752.295959
740.481445
393.598999
195.227341
394.287964
412.303192
148.352020
361.166473
794.578125
720.042053
521.874573
260.066864
902.210205
89.627701
696.293640
429.918396
104.142937
468.678223
565.558044
658.223145
389.425415
681.108765
100.479660
198.186691
663.225708
453.513031
705.609436
483.390411
276.494141
356.549774
184.003647
534.874878
177.998672
110.039162
495.535858
125.794151
244.812073
497.343811
139.708893
559.153076
417.293640
408.851166
273.077423
79.772163
303.554291
160.669647
80.307892
264.213959
134.545395
594.001343
364.967010
425.355316
353.902222
423.199188
252.346893
189.133881
327.761261
84.570007
465.218628
466.773041
145.158890
215.921387
967.291992
97.093552
231.772186
532.698059
594.877930
446.396301
893.489990
674.211731
240.309280
144.060867
274.457642
103.875359
950.191223
316.265472
404.881042
726.767334
598.422180
303.441406
139.869095
624.314758
733.597534
462.356812
422.058777
91.209274
465.689117
146.223221
112.631187
341.690399
103.462196
502.737640
151.232025
250.267899
259.610413
243.677872
47.564545
103.723434
81.894943
67.605904
126.756638
102.606476
259.666260
71.866287
163.073624
283.449432
193.622330
253.467178
144.739609
72.205093
404.274628
151.957138
271.028320
581.295166
583.674561
181.218674
310.161835
445.433167
382.961304
319.004425
154.336533
525.809570
124.501236
181.859924
170.216064
123.361946
558.734741
453.116913
265.344421
491.353241
597.037964
251.975067
314.209381
398.219025
193.801697
101.536484
392.737610
483.883118
283.493317
423.938324
574.861511
238.310577
106.492401
347.212982
163.058487
117.646591
64.272156
393.861755
324.694763
355.319092
178.707474
133.671066
141.998047
263.026489
342.287476
111.892799
337.096893
212.363297
78.397964
91.429085
101.418320
100.709404
196.683411
186.094818
90.894173
50.569881
95.282997
206.472870
106.245377
161.392410
27.091955
76.342117
119.946739
322.569763
283.347168
668.878418
298.652893
534.881042
596.786560
102.172417
406.790680
336.169006
225.484665
700.671265
745.853394
941.231201
730.915222
135.540497
784.629639
517.647705
252.105911
439.721558
252.206757
350.763947
271.264771
705.444824
396.160339
609.428711
353.506683
669.950500
525.875916
663.557495
618.221619
725.309509
85.585190
226.746155
320.622803
122.383682
147.711334
364.144135
216.221222
151.780457
228.898087
124.287819
139.012299
177.303741
414.669037
148.037399
54.525906
55.790985
202.540115
415.494812
392.466644
522.408203
222.380203
350.954163
547.818604
249.996353
745.829956
216.490814
730.786682
677.230713
228.115189
659.606689
692.847534
93.585655
116.966751
328.928802
227.261353
117.661850
187.767029
347.359467
62.602123
186.716064
268.072144
171.040024
60.710377
346.020874
317.500885
293.151581
227.349854
96.432266
89.783508
307.901520
167.258362
359.870392
94.070450
265.149475
285.456940
273.647217
360.042572
141.694244
146.657166
222.984894
228.778351
275.541229
289.761505
128.031021
165.516281
560.349426
127.173836
692.792175
576.706299
625.338257
621.891418
751.117126
99.139420
174.406174
293.688232
341.296600
454.165405
573.050537
583.223999
262.227844
184.934753
290.182037
336.802307
160.870453
75.736549
302.462189
81.852577
123.780037
164.399673
280.777222
172.015854
133.675308
141.762680
40.607880
318.492706
181.545685
119.779617
648.254517
473.226501
438.484985
119.119995
422.568481
341.612000
223.255325
127.560020
287.688599
530.129761
230.089417
186.693756
479.007812
562.515930
632.659180
575.666687
124.849976
150.622940
792.235046
771.653809
371.153198
118.383560
547.901917
389.022766
615.022827
150.252106
517.308105
787.205627
160.681808
273.160339
145.500793
343.502899
118.106544
797.836426
169.786316
302.039520
324.520233
559.639709
330.980194
640.682983
436.500885
425.812592
205.515823
566.240601
133.680939
595.345703
573.076416
184.843918
317.272736
400.511963
398.852997
140.646667
371.776642
160.166840
104.064522
250.901733
330.278107
170.120682
83.696701
315.323120
203.445435
223.837479
200.091156
304.642731
697.431458
456.065247
314.389465
896.812317
873.938232
421.976898
879.582458
216.060577
320.207001
387.541992
833.859070
576.773132
284.212494
615.342163
432.597015
237.375076
154.274475
239.586441
309.371704
279.950226
274.271545
159.066437
76.810753
267.093048
43.002911
131.616425
328.605591
301.702698
153.868851
285.808105
175.479843
242.708771
355.316315
126.903343
264.556854
505.002716
420.626038
428.620819
516.758789
109.676300
224.664352
504.595642
462.358459
507.070618
443.144928
558.165527
209.440079
428.865051
322.025452
638.118958
631.719177
156.031616
658.012939
452.820557
479.072235
411.201080
304.783966
367.392181
392.191254
509.513184
457.830902
274.553528
149.400284
254.996353
344.227539
680.911987
681.222412
269.995148
435.029297
681.765686
310.060455
471.408234
396.302734
240.794998
161.673294
676.895752
80.553162
267.686310
665.991760
535.202271
321.660248
767.677551
673.393311
572.001282
574.445251
479.847076
290.874908
457.649353
722.452515
182.823563
249.259781
107.710045
395.630249
438.792480
783.866211
582.135986
589.144897
134.595596
550.289734
570.600830
552.712463
286.081665
494.311279
221.997025
304.480072
211.741287
563.387207
341.076447
467.059814
193.670792
599.856079
525.898193
24.480671
31.627499
16.281090
33.618481
37.808571
35.537884
33.546902
5.249205
19.406313
8.319368
9.691471
6.148891
24.589689
28.566145
18.613443
26.368137
914.794739
903.056824
119.963448
762.390930
623.856689
736.054871
846.418091
885.004761
107.146202
537.374023
856.860779
790.480896
329.626648
754.889465
488.560516
709.206055
220.969696
71.276207
55.796806
215.246964
102.932404
176.582642
146.505829
172.733307
92.013412
64.972321
118.979294
153.869492
153.069534
203.151962
166.210617
60.179443
120.491898
455.200775
527.179871
181.088684
120.016396
290.469025
303.827667
457.117645
500.328888
500.655792
314.184692
176.452545
245.370621
371.348969
369.788727
434.234100
536.232361
329.551270
248.993515
813.442932
587.132141
664.773865
550.077454
398.421234
340.764862
307.361145
452.521515
371.868958
128.631073
407.382629
547.445923
696.020203
391.035583
325.111084
224.865433
336.380219
436.244720
484.602600
194.554749
489.889160
180.070587
359.912842
308.853699
115.455315
441.663849
250.353577
258.473999
457.954407
126.588593
78.913956
186.331848
54.194653
137.617844
123.892159
197.111649
153.909302
192.597794
130.841125
31.138350
45.796505
152.121582
171.762787
28.287493
99.054070
244.459030
181.748978
240.840210
146.377274
150.106796
112.693886
106.874710
229.831528
151.179306
161.945801
139.963043
133.099045
219.846909
230.142899
75.675369
171.404556
49.780544
121.232002
141.265945
125.068161
22.162531
45.479568
52.045761
83.046890
185.617157
77.298531
54.334515
106.446304
41.590454
168.801590
112.977196
79.087173
118.430344
120.876289
59.546501
98.304153
34.558613
208.749115
261.193481
198.519928
48.970055
134.042114
234.959976
132.139709
166.443329
36.393070
184.448196
33.501720
279.116791
395.124329
320.383453
677.018677
519.685913
265.680237
616.104980
425.454224
504.589325
652.000916
158.422104
595.696228
117.350746
674.421204
211.250443
197.325638
71.791962
89.581223
52.307457
85.695091
68.818100
120.336205
115.986763
24.001953
73.102898
77.782768
118.450607
118.741531
76.985435
27.762373
106.587509
105.158043
104.407646
171.921310
64.911079
51.139709
108.387268
96.877831
58.170197
21.514784
70.104050
19.547445
104.392670
127.531364
70.593391
102.155693
75.661537
52.098412
110.559860
140.188522
71.884514
63.530716
60.246777
124.510506
146.361160
89.460670
26.163088
118.811188
81.341087
139.490738
108.085930
50.580379
126.193954
55.699032
220.839172
198.809036
217.839386
32.567276
145.979584
218.609177
128.457062
227.648193
97.673607
117.695946
81.976349
107.157036
191.912720
117.021393
220.743942
250.067184
62.990631
33.129902
41.666176
142.348755
123.203003
68.427231
37.446724
82.030899
77.641052
81.921356
61.055363
118.569725
70.739815
143.521286
20.325491
29.823313
418.242188
535.892517
372.358551
82.023605
310.788177
636.200378
146.360916
248.106689
466.979919
659.861145
301.659393
749.079346
651.364197
749.711182
97.579590
118.146622
28.864004
54.154808
45.227123
38.683350
81.700562
34.862465
36.457878
64.055214
20.765347
31.929556
17.143427
89.456551
126.456879
105.399635
64.530518
78.723434
209.701981
36.842670
100.119614
188.878830
56.693981
30.425653
256.814911
94.838791
191.865814
139.722183
90.036751
191.458496
186.184830
140.558258
176.630753
61.760422
631.547852
158.713623
199.645401
492.765045
867.916809
643.393982
769.271240
678.787903
590.688293
653.434326
96.352859
788.509155
850.556885
552.501343
199.693558
132.806213
208.902512
169.016464
477.307892
369.499573
567.680542
350.761169
326.686798
182.044128
560.274414
402.568420
530.346497
438.742462
150.938370
545.140930
533.059143
582.671265
297.903809
230.976334
503.842896
218.039551
415.908966
276.137451
640.846130
339.717651
395.083466
358.136749
145.901154
90.969597
303.331848
131.227417
242.574203
424.720459
267.729828
150.182526
56.776566
229.892776
158.874619
247.609528
188.556213
182.297913
170.431320
142.200928
241.940765
194.731384
50.616520
132.246582
148.421432
126.222595
149.528320
712.818542
235.205963
569.340515
688.578308
180.567352
122.456993
705.131104
547.559448
707.569580
434.438507
403.089508
180.588013
509.473602
598.684998
437.083649
561.934204
576.390686
388.528625
745.582825
242.655853
543.482178
521.058838
599.225708
125.938240
622.811401
684.487671
611.890320
450.907166
436.305359
467.930511
282.489960
253.518799
269.569458
146.329437
168.292374
428.966125
630.538452
431.804871
730.406860
412.766083
531.481140
501.813049
436.137695
205.132034
185.858444
238.449966
497.458893
320.377258
328.813995
546.434570
635.626465
814.960815
519.341919
761.536011
662.647766
817.883972
784.968750
88.592453
355.550171
245.587265
607.725769
339.841187
384.853027
468.188049
399.761566
97.503265
362.643555
589.081482
383.967010
278.158447
415.011444
517.601685
278.207977
88.739525
239.654114
309.648499
210.986282
120.939262
581.720581
412.385468
287.392792
115.647453
283.256378
450.696472
282.749878
110.343285
420.292480
264.811371
501.064972
258.691193
230.763397
203.989304
314.588959
218.523010
133.360840
157.410263
489.273010
225.704559
110.303291
845.638062
541.448608
611.400391
631.290527
304.376343
181.095871
749.934753
129.929199
92.118698
323.089386
596.338684
241.390869
100.577934
106.433678
205.950089
76.029144
62.589855
217.286316
188.726852
59.454803
121.452217
261.630493
81.142174
119.700966
250.466263
94.487640
209.671494
131.263916
62.236816
118.408737
142.133270
96.085266
39.000061
82.853081
185.472565
24.818274
150.908020
167.445648
57.151505
137.162109
164.991211
45.548695
161.431503
64.405853
317.706177
491.845459
145.990479
346.169159
483.694641
166.259369
258.515259
242.545395
483.824463
457.236877
365.846588
391.005951
463.411316
287.901520
173.501343
161.239029
419.045868
366.555908
194.782196
358.990021
115.326324
194.853561
432.264740
95.112610
467.453156
473.662872
396.776550
136.382263
97.025490
261.847168
274.509277
314.579834
210.006241
182.698837
202.742508
141.852798
106.379929
154.956116
107.592621
175.640335
209.483856
48.301178
123.743225
195.012360
110.235672
168.849243
162.655182
73.176971
573.069336
577.807495
603.652100
319.586823
570.813049
295.957458
353.123322
527.246399
533.133179
473.157257
204.455170
302.151978
628.143005
362.866333
160.703903
655.177307
204.038574
370.021729
256.135162
597.815796
673.621277
252.274612
219.648666
544.481323
566.721497
205.675125
531.095215
96.005814
537.221802
762.582031
392.996246
382.547577
382.771088
486.973602
199.095139
149.144836
364.916626
82.647537
426.001343
509.425232
401.440918
278.948120
368.768677
468.374054
133.188293
54.375641
118.145569
220.520477
619.086182
503.680145
174.036209
626.020569
496.745758
89.664284
254.770447
166.056000
208.844467
579.867249
377.520111
420.467712
636.797241
140.751251
691.590149
245.289688
165.007156
114.685356
77.806221
147.173111
148.568451
157.166916
161.047546
136.352631
63.415775
72.488129
123.331207
109.630539
75.889603
148.457886
132.945892
135.199509
12.607120
4.258261
15.648537
26.496698
21.260414
15.043334
19.168247
11.553700
19.116163
10.952167
7.891676
7.852797
22.724636
11.107685
21.404928
11.541230
71.435593
10.281947
53.862595
41.139271
70.402176
45.811790
11.600783
69.892853
76.300034
81.181694
56.923477
68.871742
47.302860
79.776741
55.966335
72.171288
379.073181
504.559357
464.003448
500.292603
457.653931
68.641014
317.038818
140.944534
141.928055
127.131805
491.354095
202.949982
127.377686
464.090210
123.964272
103.223480
687.181641
890.309204
917.065918
551.685364
575.639221
630.034973
790.886475
655.571899
683.626160
324.188690
607.508484
108.811661
817.124146
326.420563
613.477478
191.469315
175.049240
148.373184
244.436691
288.415863
78.583542
170.502670
206.551620
232.510712
72.961548
88.734604
204.243378
222.595718
307.065491
128.079803
179.438416
45.043941
210.704025
86.039803
456.657654
251.696289
72.380562
321.636261
212.973282
163.922211
318.159637
340.706818
458.214111
389.786987
393.147247
275.712708
156.168884
282.084106
393.360504
774.938232
168.885483
149.318787
182.679733
488.971741
443.198669
504.256531
580.544983
736.861755
638.269470
166.121216
561.710022
203.059448
311.408020
283.846619
223.855347
95.266266
186.298126
67.660728
45.021156
58.623318
135.895157
179.687790
171.479141
72.278091
204.636047
41.133888
101.764786
164.756989
165.835693
47.277222
244.365158
486.059937
147.204666
515.826843
145.914597
189.155441
258.531891
404.857941
799.185730
183.517410
546.143188
296.755859
203.752213
268.780701
455.504669
103.748810
44.827961
106.393227
75.066757
127.264336
93.254692
128.740982
23.449032
105.546860
115.433167
85.817444
54.617031
49.675674
26.902939
93.139442
128.009857
87.157234
669.910156
359.166412
285.042603
440.787994
589.409180
484.867401
282.080841
888.919617
359.806793
949.515442
502.050903
856.553833
258.520233
407.995300
217.162460
375.682861
443.998596
447.686432
223.980453
455.827515
495.402252
197.243576
370.572235
334.093903
305.565308
302.434113
322.908600
335.050659
255.588058
89.182808
622.685059
106.108620
562.457886
666.075989
231.990723
404.176208
100.467964
656.774475
232.631531
528.047974
262.361542
701.786987
352.619598
332.035797
706.622253
591.974304
674.445435
287.003845
706.776489
311.518219
350.770538
237.086624
294.607391
594.250549
173.236755
245.731705
210.452560
354.703735
397.110596
443.231049
340.767792
671.277710
257.092102
657.701111
43.315231
76.985428
54.333870
139.910675
24.848457
137.347977
20.414127
19.867035
22.204176
25.145998
19.598288
69.930809
174.209549
113.607040
79.797676
132.544128
429.264832
333.542938
486.686035
362.531525
370.632446
198.329086
718.296814
88.192345
467.525787
465.103455
137.909744
378.912048
562.215210
139.379028
239.429337
680.155029
323.467987
255.896698
176.903900
302.403839
67.532761
279.049927
319.016144
144.108063
73.927719
86.115540
315.038666
326.961945
215.821014
145.649780
258.031403
196.581390
311.288910
432.868835
728.019226
793.287292
215.950531
527.445923
741.296753
106.461426
470.686249
115.775841
213.039780
807.841064
680.932190
141.838272
132.277573
412.359222
745.732056
320.355591
540.431763
497.199585
721.237732
552.877014
313.783386
671.456665
695.787842
515.191650
298.960907
550.429932
319.656433
401.156616
137.894913
270.411377
586.440918
403.961731
370.970032
388.314362
521.890015
715.057922
438.738556
786.771362
387.476898
98.463348
745.537231
677.658508
140.094162
788.622620
558.936829
156.777344
74.055481
277.612274
263.651550
166.051636
422.628571
187.938263
79.881721
321.788788
384.653748
302.113068
213.356796
220.364960
316.393585
361.501740
134.125519
363.253784
288.205139
155.808533
304.872620
158.582748
357.937805
223.421692
109.301590
385.535706
138.530716
389.852386
330.695007
256.490326
63.360596
252.817261
317.944733
392.227112
173.937073
468.660858
172.183105
284.748474
380.311615
381.471497
72.348175
351.215485
134.218109
349.079620
415.419342
206.993774
499.440216
419.266754
380.297485
119.733696
230.358673
95.977676
205.690521
51.111000
63.870949
197.716568
73.321259
147.593414
181.638870
144.340561
179.213425
244.384064
109.670486
118.074364
262.635742
165.098801
457.913605
190.731842
277.598419
400.039551
155.855148
226.512558
483.416870
121.993515
530.807312
312.284790
295.615662
301.468109
66.165436
66.577805
81.185097
215.584854
558.583862
354.837616
214.055542
67.165726
357.603699
97.816399
262.357941
250.702057
253.276260
148.357239
188.953003
526.046509
253.564056
228.541473
211.097595
379.876190
100.909584
121.504456
168.162094
233.634964
226.800110
81.855774
180.787262
157.271454
72.893074
215.206619
139.545929
160.753357
91.766335
82.300690
101.412521
74.047264
783.126953
700.213562
92.298546
387.441315
438.651825
334.477905
594.236572
115.161720
289.077087
150.120087
233.008484
237.240540
816.107056
348.726685
154.277023
555.847473
126.141449
176.252487
42.740032
205.386444
224.889664
120.207039
273.924530
76.662064
280.358032
249.040588
160.219452
197.213959
158.519440
69.152428
192.028168
141.878159
77.443596
64.580246
66.419487
44.382607
130.060181
65.278931
58.915241
31.840281
48.536945
35.764244
128.768570
125.086311
72.005188
101.534981
23.969696
21.186289
658.540222
769.040527
784.215210
793.788513
408.947144
111.716721
416.967316
268.173889
538.746765
495.463257
171.473434
252.082611
282.431976
842.189636
593.793213
772.070374
176.515274
117.894981
153.392151
207.107071
129.399323
80.833893
266.925110
238.019287
59.183136
201.034485
127.011490
77.805229
228.605255
172.174438
262.866547
76.462547
371.269928
313.362457
337.355713
266.499969
346.302582
237.201538
412.992096
311.594055
437.015320
77.236618
203.467133
465.249695
134.140015
245.683838
433.568451
374.911652
300.883514
553.144775
475.511902
707.602661
214.937485
195.210022
505.350647
643.859802
897.215576
928.774292
722.039917
204.252853
591.322754
642.374390
148.927383
501.259216
94.907730
108.566971
78.776642
143.273529
107.376823
83.784416
173.622314
141.424225
78.044243
330.630371
165.886353
62.773720
41.936966
88.105576
170.537094
233.431854
200.706818
120.358917
684.006104
168.713089
477.791931
264.330719
732.190613
475.028839
421.003052
520.038208
391.602753
595.199219
513.833374
309.509735
600.725464
735.802002
202.751862
169.496384
176.017578
123.432808
68.531464
206.320450
214.448532
103.253212
157.531906
224.196869
44.381565
108.736656
150.341156
130.844482
187.178635
237.902115
399.987762
153.537628
193.330383
471.879608
604.366272
243.718948
455.128876
527.215515
575.851074
113.082649
109.868843
448.681793
344.944061
405.889496
493.227081
409.960297
377.413330
471.915710
483.218445
341.199646
310.066101
361.254883
723.881226
452.452148
505.803558
445.515442
149.950668
80.746849
459.756073
181.512665
403.099518
136.036453
56.119026
81.957085
234.245605
268.128082
174.213028
193.970200
100.184517
46.293716
230.851273
120.390717
220.812851
216.292145
41.552299
45.433716
244.459061
114.477264
232.150696
47.345726
222.395432
289.413544
227.498611
249.264709
222.226257
166.542297
123.151100
289.968048
234.763382
93.960487
294.516724
258.145935
143.216125
327.344421
162.958801
487.254089
548.100952
391.413513
147.633957
286.175934
101.463364
410.675140
439.997467
274.606873
453.165375
452.682709
173.200500
185.749969
453.029633
250.669357
227.431717
111.393143
328.526611
158.436157
461.399323
56.453899
211.587814
387.645447
85.711105
383.362946
101.542145
73.918198
139.852997
198.984711
365.744324
419.911957
164.366638
204.590454
94.124649
80.199997
48.106098
109.027283
26.716822
70.227203
134.481522
116.884438
181.298431
93.432739
206.686127
48.072834
196.407303
70.539894
211.643997
144.546204
65.741112
105.762543
220.256851
235.239105
343.763733
455.215179
107.219513
333.487610
154.628922
323.018066
289.843079
424.644684
431.491119
314.353638
134.967484
171.317398
129.622330
30.054960
155.301529
146.127243
149.599380
100.304733
73.388283
115.538147
76.302933
142.860489
135.730377
60.282169
165.625046
136.434586
653.760925
741.282043
342.687317
787.364075
907.838989
679.243408
723.030701
597.325806
147.739349
835.153809
108.808449
884.677917
806.069031
808.817383
800.999207
395.173309
363.390747
321.821381
326.584290
418.565063
834.423828
650.179321
154.223480
88.910301
229.486923
435.023041
755.741455
538.486694
746.309937
122.816566
151.511932
339.953461
253.947754
109.784180
85.887291
157.224670
192.199417
41.172104
136.111969
224.070343
302.666779
258.599274
216.281357
210.191467
268.415436
103.711121
89.470558
185.394562
177.601181
29.884455
125.193771
106.618332
20.451534
165.222748
44.720951
96.620163
93.264969
114.091026
126.853218
24.387535
43.294861
91.984077
178.664261
143.582520
113.536903
447.726929
594.873901
239.515228
339.317871
400.436066
319.681641
554.122498
421.337433
248.584961
523.296143
448.796082
471.443665
93.063202
467.238434
213.036621
165.693939
229.156723
162.740082
179.772308
225.952545
211.253372
81.393959
56.371319
52.326042
266.255127
154.699600
143.074432
227.965179
49.822773
342.404480
74.865448
194.209808
632.965149
644.649536
341.489990
576.315552
755.651245
360.220032
702.502563
180.118515
187.317322
207.885345
493.233856
300.747803
524.173401
485.925659
640.710999
280.943726
432.682861
639.253235
275.143738
364.694275
749.667542
932.098267
454.271637
533.403687
796.201599
109.495399
603.271912
262.550293
242.411484
350.086914
138.817490
84.196869
181.591187
135.155518
159.609024
111.434769
126.089546
142.776001
43.643108
93.809074
97.026459
235.267624
236.746429
182.916779
44.628975
234.221817
224.856079
176.484222
79.305275
265.620026
302.387177
346.139740
89.860542
138.361877
216.556778
324.081665
371.690521
345.908356
328.389709
400.491638
308.116547
43.684010
219.542664
191.680267
537.317688
79.787682
655.224365
550.954712
148.911331
677.556885
194.802231
333.547516
82.545738
409.987640
269.384521
76.857254
218.916031
554.421387
597.439331
50.543247
65.061501
10.392574
87.507538
93.902924
13.234024
63.676117
76.565834
53.130238
38.860790
46.915806
95.559723
18.750113
44.752911
92.712624
88.918365
233.409653
252.072357
464.779480
135.245483
80.932198
476.982025
453.969025
298.141876
257.814728
452.272430
492.316772
782.872253
258.967560
420.254333
561.116516
172.984207
443.456970
734.813538
582.340454
290.347229
242.624405
399.945679
176.757584
807.560913
565.518677
373.207184
468.971191
706.997681
548.770386
335.401123
486.331604
802.076050
79.446648
248.661224
199.353378
240.424545
129.186188
47.026592
273.181305
293.410400
72.764061
119.404045
41.328259
106.125206
193.076584
285.389557
69.129211
252.486008
303.058472
272.384949
199.618973
198.639496
159.050201
256.922577
277.692535
97.795189
245.227463
195.642471
79.243721
53.417328
189.673508
155.885727
78.900482
252.611221
131.375198
35.648048
269.099335
152.964935
44.337341
169.298355
121.541580
271.609222
271.441406
29.705154
64.088509
112.150436
58.229527
86.036789
123.898903
74.356972
291.309723
197.860626
489.502197
508.887054
561.991760
653.268921
777.994385
444.189423
244.123642
770.854065
887.135986
546.706543
350.061584
444.759583
157.244751
287.128693
17.802275
18.898569
15.703749
18.118677
10.783247
15.085195
7.485239
16.671204
4.610813
9.450361
10.086019
7.740072
3.718612
18.497221
10.523283
4.859945
243.702530
291.336853
251.827988
97.901833
76.423172
229.061462
110.924591
128.785355
141.875900
217.699371
102.265350
191.323410
274.891083
120.897133
51.741776
58.570889
500.381439
258.523590
178.353561
164.426437
502.070038
415.517395
351.381378
94.930260
340.382202
264.209076
404.208405
139.081863
404.316833
506.283813
127.354584
502.224976
203.958893
232.280304
171.344757
90.567719
77.531296
172.485519
207.671341
148.133713
172.808624
104.045944
74.023262
188.700272
153.943069
54.768658
218.353683
215.498459
236.439774
333.544983
99.900414
401.271301
317.931213
257.049957
51.210415
453.808533
335.081390
104.821877
452.796753
382.909485
111.292229
438.956726
58.542645
450.211121
96.010704
413.464813
189.409760
403.365662
298.076874
352.034393
279.406616
393.505280
339.523895
50.970497
55.279938
206.623642
321.939941
191.236191
48.773994
195.581436
19.696676
24.327370
40.110500
13.986988
30.908121
74.570938
22.568380
18.620491
62.988590
88.620369
76.596870
19.626429
83.188858
53.263577
55.772804
56.464035
521.584656
459.040314
271.700043
178.985275
199.833389
521.153198
300.591583
339.714539
491.891907
534.373962
134.931488
465.126801
310.776794
168.075836
396.511383
476.298187
739.491394
283.518677
100.663788
777.350769
886.840698
482.652130
307.750671
339.737885
642.266113
849.006104
500.590729
671.726074
812.360779
434.188141
638.326538
776.780884
87.714211
56.521168
63.912487
37.145386
16.294291
60.686470
25.925627
27.410776
73.179916
60.411079
40.629585
18.192526
33.422680
50.991203
83.010422
77.180473
161.505112
536.871399
589.491089
315.622040
377.163879
649.138977
474.918823
85.678841
145.783081
798.532471
287.692078
302.683899
675.699829
461.250458
458.329681
720.903503
126.196167
114.858788
64.270508
57.243031
26.914480
48.299454
68.246025
185.823563
172.384308
146.960129
159.592606
90.761551
100.384521
155.229630
118.038132
100.984299
146.578430
123.214455
133.221451
335.852448
746.611816
122.226639
635.289307
741.672729
339.481598
526.178711
240.893326
336.689941
692.883240
110.158112
559.871765
616.026917
246.288574
52.602829
208.729965
263.489838
80.607307
148.887909
339.694061
101.241188
335.937256
43.916386
266.722229
248.538849
153.121475
84.898087
103.386581
79.548920
346.839050
474.579956
256.774048
669.274292
196.730728
494.714905
594.050049
283.202484
537.451111
668.763977
680.202881
339.716339
450.511597
98.798874
574.956909
234.746841
25.867773
30.299702
14.718381
31.491470
21.718966
34.760670
18.535671
38.846561
21.564095
23.370502
37.273666
37.226479
22.683270
23.257980
14.608278
32.874405
150.436081
235.156708
432.214996
410.227051
479.421997
221.419327
623.664551
497.995941
473.508423
489.643768
702.552856
517.809448
215.648010
144.502182
648.599121
267.041260
116.911835
74.326561
229.896729
456.579712
566.791077
343.658203
195.188232
163.506805
162.096283
156.200592
563.985901
389.967896
141.984375
160.828384
495.583191
290.818878
744.166138
324.334778
443.726196
764.057556
668.309937
385.949280
270.885803
740.776245
336.636353
182.578827
438.758636
419.336212
336.657684
476.878632
206.350494
367.827362
606.371948
100.346512
81.675217
450.163910
633.722534
430.846100
279.908356
651.237915
530.217346
346.580353
309.041840
601.023315
690.128296
365.663086
662.777649
711.914734
68.889259
139.274323
66.591278
298.045258
190.222351
168.688416
69.214806
229.785828
249.557983
276.549622
321.963348
35.578190
193.793793
155.446320
195.804520
181.461319
245.175644
255.006927
298.907196
241.952896
114.587448
125.924599
330.933197
53.451267
333.925751
228.927658
187.876053
347.545654
153.816666
47.494949
103.135208
170.985443
317.601349
657.423828
409.756592
484.884155
235.388474
83.944870
172.808853
418.373291
670.040283
820.363953
645.195862
285.603027
194.087753
201.127380
431.446899
620.008606
146.227585
171.053604
453.579193
314.906464
241.848083
630.258423
259.633026
175.792419
333.439636
279.259796
118.063271
488.592743
666.595764
311.548981
218.883041
213.568665
678.446411
364.600525
780.885559
398.469421
543.474731
542.686035
714.330811
531.228455
397.527405
401.383118
737.421204
268.865051
693.277771
194.664581
393.781219
683.704224
156.807465
403.054321
247.475708
101.595673
112.483315
133.814484
227.061386
116.021797
126.508308
197.865326
133.986404
175.488358
170.259430
328.746185
178.496780
176.777679
308.379242
123.508484
299.474701
503.873840
341.467194
321.971252
463.357330
469.682953
573.017883
576.651062
371.003052
515.357300
174.308212
227.962570
382.681122
550.521362
478.047607
772.998047
544.773621
106.797104
112.744316
526.188538
748.353149
282.645508
628.057190
406.433228
151.964417
166.562134
740.220764
383.094879
364.307098
695.008423
393.171387
660.318542
588.055054
601.796936
423.698853
271.298492
597.404602
599.117798
181.830246
383.092773
196.902603
567.132324
577.921753
193.202866
627.184875
339.242584
211.888809
372.161530
795.177246
332.395172
299.582489
321.795624
421.972137
319.212158
297.988922
694.759338
431.581726
449.907593
488.877197
286.013153
425.907715
575.677490
265.408936
86.421921
164.212555
209.785217
185.950928
191.576401
76.908463
132.267288
153.358948
90.200813
168.318695
256.277283
137.355148
49.279697
71.493347
113.707855
447.075928
499.763519
142.093185
590.553162
110.793282
78.379097
192.718521
235.244476
261.871002
330.790649
99.217979
297.145752
477.876892
160.254440
79.692963
454.659729
7.696572
19.895592
7.480443
25.651539
33.442356
40.040386
31.835665
16.990091
57.854668
33.505562
47.105339
48.601925
48.314434
62.250637
62.250637
64.823784
46.095844
33.132339
71.660728
107.906815
94.112549
35.645920
56.554897
99.364899
32.633274
109.321846
27.368753
20.336203
47.827354
103.609993
72.801888
76.487053
593.615540
372.325195
180.184433
436.835510
631.061584
560.295349
741.538635
326.291229
389.882233
384.500763
563.277527
457.307526
175.430817
800.981384
226.868652
625.567993
462.514557
428.721741
458.288452
141.090637
497.556000
72.016273
549.565857
542.010132
321.484406
451.901276
137.905060
262.078827
82.549515
511.498932
253.882767
229.678711
187.864319
211.949524
58.691021
85.444550
219.382736
216.252960
53.865955
238.572647
182.918884
332.736633
139.623703
360.463196
273.381317
287.655884
162.996689
67.017014
119.578217
252.482620
201.244141
161.812042
239.391617
91.854622
180.530975
354.250000
226.373993
230.178955
348.291748
117.620682
269.611053
55.016258
153.663803
66.076332
91.541367
128.164261
76.907921
255.730209
192.204346
84.063957
230.748367
33.736042
102.118301
168.043793
126.735916
108.638718
65.516830
35.014416
84.013962
128.449936
77.045013
30.562168
110.068420
25.291231
50.049892
172.389496
35.187580
49.175636
156.759659
176.908157
182.346832
58.711102
136.367188
36.056751
30.740068
111.964333
481.662262
127.455467
242.002106
437.855621
152.023972
367.059326
186.127060
92.320076
119.610062
336.278320
160.113358
581.662964
241.664261
266.289062
335.414948
500.581299
561.236450
896.135132
588.857788
927.929626
428.007263
524.251526
468.435059
360.897125
882.233215
264.652863
192.247971
299.681610
359.879913
478.894135
363.818359
932.259338
239.102539
232.064102
105.950577
193.219711
271.449921
227.668533
217.060425
180.647812
116.136566
168.589813
302.384125
200.836258
304.054260
270.844269
145.382278
100.040871
165.283173
226.601547
49.124332
162.825775
159.939438
161.727951
109.483017
196.531250
156.965851
108.872299
196.385849
206.680710
79.972549
41.076023
101.412895
228.070160
376.709137
204.329605
174.399750
118.356972
290.953644
330.620117
237.070755
284.451111
411.278748
366.298248
180.959396
248.510147
376.903412
144.035629
143.418518
316.518005
512.490540
431.919983
63.434273
183.941040
176.822342
336.056122
404.977966
262.212524
96.745636
446.923706
412.641632
217.269440
251.125763
397.705994
159.008606
119.940979
151.887085
285.896454
79.548470
309.136505
257.172607
194.452682
59.799721
85.596527
274.047211
50.286819
196.515732
251.944473
81.470451
107.690437
67.866737
143.802444
168.532181
454.342804
485.326202
257.466003
795.509460
335.573120
742.074341
596.587036
375.412476
649.124146
897.490234
252.077591
558.119751
406.445770
723.489258
174.120163
879.334106
636.317078
533.564331
131.122971
259.530182
426.446045
349.186157
253.224335
959.234924
599.937256
763.781067
122.607399
681.697510
891.299011
716.514282
744.216858
195.064240
99.482460
224.570435
169.237839
41.970394
159.266602
70.488724
77.656891
188.427048
211.586227
62.468521
186.784729
199.052734
100.853119
179.826477
143.071854
480.069855
417.245789
453.820587
571.904968
873.062378
264.054596
759.531189
173.811859
156.395294
147.886047
478.527252
175.702805
360.393127
892.743103
543.018311
684.067688
68.506981
489.398590
213.691696
523.221680
324.204956
562.215027
89.828484
323.756744
281.001678
168.615601
557.092773
230.115005
175.498672
181.053146
388.377563
450.693329
13.300972
3.858744
6.832154
10.358150
4.418975
11.390069
4.350556
12.712972
6.288424
6.904598
8.927789
10.024103
3.811253
14.328063
1.759487
11.229486
41.522469
91.926460
121.514084
191.662476
198.108734
61.781120
66.786034
242.464828
177.915268
128.778809
78.172012
229.253616
177.364807
76.462669
157.859421
56.341633
149.293961
45.308159
47.269276
110.536293
70.598236
129.831482
269.833099
253.948959
208.397079
214.921753
75.273315
102.570984
103.835022
334.029541
100.377502
198.396301
170.927780
80.698181
113.831139
28.380978
80.669678
156.404190
56.843777
92.580246
90.542099
122.544342
56.553970
81.296799
41.374763
57.698944
104.234268
127.024460
146.331970
58.935036
76.104088
55.413036
171.482727
181.429169
123.771080
95.779282
199.039154
161.625595
126.344200
76.092918
120.193260
163.735443
27.750551
76.131989
323.681030
109.713593
490.181549
707.879517
270.492432
459.925354
667.415894
555.408508
428.593506
216.914734
523.298523
773.312500
723.648438
815.904541
406.118805
731.612976
97.169632
87.032310
218.440231
156.886780
272.082520
81.259315
230.929504
57.978683
203.699600
152.459564
281.251404
154.383896
135.291519
373.946289
114.689850
300.783997
25.915890
26.812304
16.164490
88.936119
117.667686
113.890175
119.735062
29.217075
85.658089
47.608452
16.042103
34.962727
103.073669
78.890327
92.147995
54.521755
32.113888
18.976458
51.665085
14.224823
32.749317
17.160946
9.033395
10.168090
12.254365
32.455078
9.122605
25.405878
24.416737
11.022634
8.668727
29.849190
79.313263
658.353210
254.499161
308.234070
308.781525
647.109314
717.057312
274.733978
579.793274
540.776489
559.179443
91.441521
249.298325
138.101608
652.541748
408.144775
8.335997
12.815727
16.099531
14.608080
3.597584
8.885600
23.766350
15.497731
4.784298
7.476281
10.418503
24.338213
6.380912
13.985554
26.785332
9.285522
27.307116
82.058586
110.069916
53.664093
34.330235
81.517647
74.607224
110.678467
126.311440
151.509918
156.982361
162.982208
53.871449
158.212982
141.795654
124.138687
163.945053
335.292633
338.260040
529.926147
320.805878
579.609741
721.447998
486.321655
504.579498
97.281273
614.291382
598.794861
570.831116
219.398605
667.230896
603.472717
839.743774
377.055725
753.050598
772.470215
195.442657
627.216858
831.215820
267.211914
379.280396
777.777039
428.177094
595.144348
122.329330
427.574585
611.713562
193.866837
593.709595
268.699677
716.109070
219.522369
733.697144
84.464119
401.837097
183.998993
637.332764
842.211243
351.872955
193.024475
353.932617
433.865997
562.791565
276.313477
752.372314
267.090698
778.625305
537.632019
261.663513
246.889481
128.201920
452.541382
684.144775
560.826843
179.243378
443.474518
692.759338
391.463928
124.691467
175.043762
233.304077
67.573456
156.028107
103.381393
253.554626
265.338623
281.737152
82.918594
239.954681
74.797935
40.656578
252.155334
93.924324
258.743042
234.852737
102.060707
368.821228
450.430206
167.285904
402.365051
212.441055
173.464264
432.726501
215.623413
466.112671
238.960739
166.540482
469.022644
511.468506
272.905945
257.725220
299.095947
89.039429
45.175072
32.637444
27.042854
74.786484
15.295953
24.819395
40.824829
82.307083
75.792870
28.693716
70.989006
66.366096
80.001823
70.076820
82.069122
460.803009
136.068649
275.838837
419.167603
370.223389
705.441895
223.883530
944.469177
741.493103
443.283844
330.285156
144.664001
696.408569
747.186829
159.746918
579.276489
67.397461
132.300110
96.451401
36.940197
36.951290
148.396820
89.484665
133.725632
110.889618
80.853905
126.076653
120.025131
24.254755
96.850761
134.962555
115.315933
839.768066
834.165405
646.725464
540.969788
157.884308
129.697678
718.344849
874.945557
212.993286
191.103394
876.457764
235.899582
299.933105
128.507736
895.843811
735.822021
94.257202
144.765610
160.366531
352.829895
98.564850
272.406738
259.234711
128.728729
264.351990
131.904953
375.333435
328.115448
222.541901
110.117630
163.086060
374.866364
304.313232
374.652924
435.191833
199.085770
356.024475
325.085175
149.771851
273.444458
286.516785
172.010361
255.027527
215.190002
103.306496
489.920837
65.584236
209.619797
25.160055
12.772324
27.716105
21.576778
18.834351
19.261217
28.270086
5.465768
30.997055
13.523849
22.196894
9.004384
21.149052
19.402075
22.045731
18.389446
86.528481
329.666962
54.209946
240.569565
54.232655
107.491241
315.949188
395.723511
280.008179
261.168945
49.690346
250.494507
270.457947
260.101501
333.312164
272.536072
7.642056
7.105787
1.032368
2.102944
7.920568
6.119915
8.179167
3.240833
6.437974
5.493613
2.170819
1.519274
7.609802
5.678447
1.333038
8.588661
108.010399
650.071045
895.639404
906.771973
292.525146
363.833740
427.620331
299.946869
857.001343
145.369690
370.979645
661.604797
244.635056
731.810120
612.812073
485.966003
162.290329
351.613159
124.374321
117.815643
294.364075
421.851013
611.323914
301.758667
157.124832
541.128906
150.587585
594.348511
223.547516
529.126099
587.725525
700.894836
206.127777
174.206528
580.572937
392.451019
368.204285
274.047394
142.093414
609.520325
319.518982
712.478943
325.994354
519.056824
303.546356
870.526367
672.067749
225.122253
597.269897
709.788940
611.370483
182.302261
721.078918
780.553955
139.762238
318.044434
664.581238
145.121429
603.200684
479.582184
536.842102
309.493561
711.932617
236.060837
924.141174
894.010010
292.447052
379.763855
505.487335
735.449890
394.484650
852.075623
251.202332
135.823196
185.635147
820.220398
411.592590
416.075134
145.796204
416.499512
318.372620
214.059692
407.500854
490.445526
494.131287
515.027344
414.384979
336.649078
147.457214
93.663490
120.925888
313.392273
216.344254
251.587372
102.679886
355.839355
234.393799
102.162239
190.430176
198.067383
383.688416
200.494827
346.425110
498.132965
310.609741
161.655792
148.524918
123.739479
498.714996
366.838318
190.188858
110.651176
228.993591
252.774857
173.834961
344.071899
103.137169
203.956284
242.965683
401.993835
313.029480
107.969978
92.071945
372.733826
424.662598
270.132294
130.758347
196.324280
550.346252
486.223938
387.981476
447.320160
182.207977
129.541595
121.553406
276.471802
533.301697
536.862305
245.819427
73.407478
368.103882
242.785141
550.501038
525.948181
486.706329
167.295349
62.690723
160.862076
234.494858
528.548157
69.601791
369.781219
75.471939
618.016663
360.037445
309.629303
110.010231
123.525223
387.425781
192.072815
421.832428
284.476227
247.326797
63.867828
189.613846
64.190331
455.971802
154.384079
241.260635
514.652283
374.101746
504.946411
507.772186
325.096436
243.840668
380.751495
102.227455
100.795815
191.731567
169.440369
57.899590
154.052872
244.097824
65.725899
212.007843
170.044846
223.736710
108.844818
126.565361
356.158234
160.564194
112.821602
139.367172
219.978470
408.591492
165.899612
468.988220
218.171509
209.955673
283.911102
222.877411
55.843933
175.064407
73.224564
225.139359
444.977722
287.954041
291.437958
16.169481
58.931061
67.773491
57.780262
21.390902
70.792328
43.242718
54.579433
93.013474
34.745533
60.563591
88.774246
18.206129
59.897198
52.692657
81.941704
514.496704
353.777069
652.204346
640.102966
626.227722
422.108459
422.084137
271.278870
226.882919
342.501923
862.884644
705.761353
733.827759
863.322021
406.021912
408.135986
84.286400
137.771927
224.253052
186.858063
88.583199
102.121323
87.659706
80.008835
179.559921
199.767700
109.528488
71.479370
79.854919
91.039429
178.681320
224.612183
182.978333
59.929588
436.225800
178.680374
312.553589
416.606445
142.983505
196.548706
173.069168
53.336746
277.864868
125.619255
372.472870
361.237152
268.579193
148.302887
155.654999
281.865448
467.225983
79.962685
232.281250
271.125031
81.816437
134.527939
413.028656
201.050568
71.387337
413.736206
262.323273
78.717422
339.657074
477.853180
401.032898
268.928436
360.207214
78.332901
107.124313
114.329742
487.074127
262.903748
509.734863
281.689301
117.357224
212.541458
513.095398
499.744171
204.730545
335.139618
450.460968
520.298401
221.870499
202.158447
155.761154
427.805664
125.694977
288.206268
296.718964
139.656433
439.412537
84.248337
237.567703
219.229156
272.524170
261.249329
441.018097
672.915161
427.507690
796.512390
554.976624
386.732788
322.023621
452.037598
771.386841
249.408554
280.274017
230.347794
164.420242
880.282349
965.785034
379.557922
227.675156
261.887299
206.216217
158.735947
285.465790
292.135773
358.919495
351.974091
370.307587
427.894623
119.853607
228.501419
341.651764
180.685837
153.239487
265.611481
302.058929
446.732727
447.724792
166.888229
140.049881
137.099762
54.313404
313.193726
64.560532
399.517609
256.044769
275.259766
458.585449
350.801331
265.521729
391.724579
31.735971
27.945822
63.175388
84.124207
61.127293
28.660889
19.644567
26.765814
40.016628
58.593662
25.747652
42.665024
49.642078
104.563950
11.284460
96.212669
111.824356
488.032745
286.759888
180.403915
439.311432
171.765121
425.968903
567.282715
378.162689
212.579758
652.151489
208.406784
292.946136
109.408424
459.316101
518.158691
228.122269
308.461792
181.288544
146.036682
325.250854
85.782043
320.994171
59.384480
351.379791
250.490463
310.290497
328.784302
75.192024
282.477509
127.863174
141.645706
